1000 9882
217 651
882 175
631 712
649 278
546 118
90 42
74 919
458 566
189 422
150 916
445 796
356 169
982 237
789 579
656 928
510 756
470 288
350 794
298 369
725 310
213 2
805 334
91 682
268 744
105 794
382 538
717 515
938 816
614 929
406 378
613 626
173 549
374 430
502 147
505 173
142 288
277 519
424 69
478 152
891 737
162 841
199 742
166 501
466 339
356 963
951 760
405 276
406 55
541 648
11 645
491 829
588 613
607 411
481 231
150 62
837 130
984 714
287 97
605 230
254 492
111 621
610 284
775 483
505 602
589 690
495 883
723 468
389 86
846 402
559 555
817 184
9 43
859 773
788 271
25 861
443 506
13 531
695 296
733 917
992 273
901 697
24 99
703 749
81 22
500 616
603 393
162 177
661 217
756 345
295 111
668 715
134 171
599 957
492 607
385 583
617 574
138 777
657 751
74 907
844 155
350 980
926 606
298 51
956 287
601 954
449 421
602 101
432 693
899 533
276 526
354 378
156 36
335 834
731 696
795 903
812 991
687 669
726 125
29 451
515 516
303 318
330 834
520 494
369 808
804 785
136 407
725 443
815 393
342 784
293 47
297 164
465 826
37 88
394 930
827 756
903 699
559 181
292 951
908 851
636 584
107 154
821 746
861 813
136 580
728 30
767 391
490 433
932 168
560 759
117 254
600 216
966 507
93 101
168 324
850 352
706 988
656 41
948 769
951 482
427 590
227 880
28 871
927 117
998 42
918 856
97 332
448 658
159 172
736 101
220 398
257 444
172 41
661 27
811 898
663 637
873 93
376 995
533 81
402 693
864 776
537 150
519 98
647 425
851 273
138 203
894 692
56 848
589 154
627 27
350 662
802 421
750 471
510 927
664 348
575 398
706 43
839 261
120 335
80 498
926 395
673 259
268 545
217 191
130 542
959 287
958 380
669 759
598 199
212 390
433 631
803 348
936 346
421 414
39 547
615 512
282 884
502 219
508 924
840 771
550 437
553 471
669 537
947 235
549 99
518 806
249 985
505 327
16 470
415 470
862 389
165 763
205 958
46 86
782 586
1 471
810 883
667 774
204 582
33 998
614 725
839 764
2 955
538 25
701 763
409 410
707 610
609 747
641 272
849 405
138 282
618 218
908 266
334 534
626 705
506 516
367 493
220 257
955 350
249 126
869 188
279 920
854 576
108 802
935 257
459 456
901 753
208 200
190 328
543 332
394 373
432 896
128 393
422 303
885 819
778 479
168 953
85 495
978 512
944 46
886 755
498 784
310 933
75 358
846 561
946 655
930 468
532 256
520 328
204 209
133 219
339 586
319 736
783 177
859 185
187 910
494 638
646 395
977 608
769 892
701 377
516 272
43 627
965 548
639 477
136 567
863 133
959 694
31 567
934 880
939 923
79 859
460 751
339 902
892 746
839 813
221 502
961 935
581 374
503 824
308 826
729 451
974 607
889 197
893 533
433 95
407 700
953 864
898 35
438 232
25 437
542 754
799 366
72 888
92 107
457 802
138 335
232 638
954 237
93 847
149 77
850 74
443 352
219 624
498 368
334 250
686 399
923 811
229 480
980 680
197 578
608 215
954 975
208 293
466 613
233 886
694 5
896 76
132 534
542 217
564 561
54 279
369 513
664 71
422 331
958 873
29 43
293 758
960 861
206 637
321 277
87 458
270 222
497 500
483 41
1000 477
104 274
285 995
142 916
414 665
226 797
208 752
905 174
446 270
29 510
473 236
751 513
301 160
208 655
303 112
948 379
400 305
971 42
790 610
369 924
729 76
677 148
236 68
661 971
278 289
96 995
815 122
230 558
526 161
218 890
349 148
22 826
630 15
905 217
692 614
253 632
734 249
224 354
41 876
291 723
297 506
847 427
405 388
546 642
283 552
567 824
145 591
353 812
488 597
92 79
903 226
119 806
512 572
72 227
551 757
702 867
993 877
615 242
484 368
301 870
214 585
547 76
516 799
42 598
519 488
206 925
153 279
210 288
51 988
128 83
129 782
647 68
153 732
747 728
286 959
494 11
422 740
333 439
372 675
484 37
341 924
949 907
55 942
403 57
612 313
817 635
858 153
363 717
458 555
406 987
298 48
426 13
764 67
395 410
837 793
296 239
644 387
241 58
367 590
299 239
123 58
35 908
470 333
717 964
777 439
373 702
464 630
87 912
530 169
507 968
643 51
143 334
626 318
402 308
759 254
407 197
818 748
913 192
737 516
960 357
463 850
816 21
490 668
622 669
914 298
771 335
645 426
518 936
923 24
181 162
193 507
396 184
568 729
197 380
305 882
306 141
788 889
331 471
947 428
396 414
348 935
519 520
10 616
193 694
70 348
533 924
883 475
334 481
927 116
931 113
272 434
129 479
666 238
794 475
188 638
172 411
157 489
585 502
215 279
343 450
474 671
382 316
384 139
591 168
868 611
760 108
337 237
450 388
33 660
713 282
987 343
497 999
43 287
685 996
30 43
292 738
205 63
598 449
564 634
333 440
492 557
272 894
68 269
668 552
623 78
661 365
555 166
133 964
480 864
686 784
726 333
764 240
678 361
94 555
423 831
869 347
240 837
804 798
90 402
507 871
257 118
855 50
227 100
530 141
550 200
131 362
80 386
703 442
853 9
446 877
731 933
496 466
574 173
524 578
835 643
3 237
917 925
221 352
974 678
313 877
478 337
653 947
981 294
144 141
189 628
737 770
511 235
3 66
259 236
245 27
408 284
175 448
164 87
516 268
408 417
351 643
176 653
965 899
68 397
716 991
431 683
684 557
810 880
628 664
872 789
207 434
33 598
451 291
414 437
966 646
606 681
239 320
332 742
370 433
823 952
590 861
811 592
849 293
8 771
962 732
203 736
185 877
512 133
306 508
128 27
756 355
594 386
632 305
576 397
543 335
671 282
560 514
550 603
845 19
756 658
99 689
262 837
446 166
394 453
372 906
366 761
649 329
480 780
543 621
971 338
899 753
185 297
450 991
397 708
678 863
290 628
204 210
556 639
818 594
32 35
269 266
455 483
652 717
326 340
273 88
716 196
166 237
403 557
84 742
914 227
562 689
139 704
636 514
143 932
662 764
414 729
724 429
227 719
908 788
325 166
243 834
688 636
23 163
183 280
951 263
787 734
115 543
619 95
928 36
440 782
684 529
942 169
525 511
304 205
693 877
509 156
220 81
917 373
872 896
64 717
447 730
768 715
491 526
129 7
189 911
633 297
727 499
814 853
841 788
417 366
845 836
516 804
332 921
812 147
478 939
7 179
604 237
896 222
915 618
295 244
133 745
775 174
48 447
994 864
350 106
542 222
747 652
752 818
167 15
316 715
320 654
617 799
15 491
473 416
898 825
812 727
959 128
243 19
949 410
716 443
445 139
526 908
104 275
820 105
344 290
26 754
211 625
813 936
392 614
749 479
678 37
955 347
19 424
776 45
299 1000
877 315
130 374
338 501
501 39
562 645
395 582
734 111
545 722
32 523
53 939
956 44
227 632
587 832
941 703
13 493
987 654
344 956
255 174
404 990
5 857
410 299
339 131
758 44
987 575
144 499
20 558
718 445
75 653
645 777
282 353
386 943
684 10
525 372
470 565
200 57
736 91
310 34
885 438
851 378
135 77
543 80
529 514
860 244
665 450
726 328
7 151
530 960
769 428
475 911
573 842
323 162
405 936
959 369
159 633
206 94
189 742
480 982
869 68
484 38
836 275
711 673
52 290
751 96
242 112
6 375
905 647
696 885
143 58
476 997
186 539
777 212
91 229
289 274
788 197
497 407
207 740
905 120
299 665
119 56
606 665
748 584
365 152
67 799
815 330
619 701
625 108
717 596
478 88
635 55
395 644
692 182
752 361
403 613
219 712
616 392
52 644
511 97
761 382
45 589
212 66
468 180
587 150
697 954
973 925
995 701
248 278
709 375
861 860
952 744
354 522
282 419
983 745
162 591
966 505
269 871
262 496
547 322
809 451
615 51
942 225
514 56
54 993
738 378
556 419
831 747
281 139
283 853
474 668
898 84
538 805
902 322
832 522
119 698
621 852
399 460
111 982
225 599
836 81
86 656
837 696
141 881
899 750
724 750
638 812
237 877
73 916
759 744
801 253
556 886
83 787
315 800
375 144
120 7
72 837
350 950
976 1
351 411
726 189
87 397
952 106
652 859
872 193
623 412
75 90
132 35
740 344
389 924
304 952
14 11
606 417
881 230
40 898
152 784
579 619
670 694
784 513
235 801
630 170
178 131
754 590
259 94
335 491
9 619
37 349
330 169
773 617
830 538
429 163
148 701
934 564
738 173
410 240
965 898
913 751
128 545
224 154
41 564
489 347
135 870
638 317
180 893
328 168
954 356
868 258
426 733
79 133
67 709
380 725
779 473
70 456
932 307
157 460
641 391
309 305
516 833
521 889
760 905
707 898
394 17
414 84
256 82
383 881
313 642
167 777
726 965
836 437
696 46
185 221
955 449
650 433
621 17
172 813
229 172
671 261
674 43
414 886
60 846
756 659
498 191
742 922
160 796
510 814
542 413
711 510
497 462
498 865
119 300
730 20
967 801
551 38
937 470
332 280
207 732
669 951
648 238
830 250
961 121
815 258
341 407
839 120
416 818
807 670
982 640
17 82
737 579
210 581
654 166
822 836
145 438
827 574
123 644
889 375
706 753
598 451
253 594
1 535
316 424
880 57
102 345
28 532
265 894
698 688
623 997
771 164
207 54
310 810
887 976
88 422
197 12
609 196
718 422
455 836
538 200
871 124
33 896
143 606
228 143
653 410
642 173
724 748
275 556
862 528
901 928
387 986
230 174
955 271
522 422
940 89
944 28
393 746
395 340
380 910
343 122
54 203
699 770
465 136
926 47
512 495
531 573
604 157
785 989
399 181
717 410
930 548
261 180
262 919
582 716
539 887
846 881
812 321
29 41
158 343
604 931
668 28
626 167
309 201
607 298
669 121
920 960
413 315
697 112
919 753
441 690
227 193
816 610
34 547
350 793
904 990
55 596
553 738
402 206
114 708
282 904
970 285
808 432
812 788
321 855
123 751
969 707
239 993
5 533
48 544
302 169
253 645
568 319
342 702
500 354
212 158
788 871
456 712
844 619
974 526
885 113
832 99
413 742
791 221
207 10
396 331
533 902
236 522
899 356
918 192
723 104
159 36
220 207
537 492
496 822
653 292
323 807
585 472
327 855
129 98
202 616
81 873
176 3
513 132
55 277
543 480
398 405
887 877
167 972
404 386
501 898
928 524
147 352
901 311
924 632
891 503
452 906
720 253
242 113
886 654
119 277
88 631
858 103
752 686
152 523
772 715
904 323
378 256
506 317
173 979
816 526
708 628
412 89
838 979
381 892
496 202
721 391
834 190
394 847
327 223
274 489
114 744
173 757
653 683
5 503
549 874
273 39
661 892
442 758
973 698
478 232
460 595
944 860
853 484
804 876
507 552
588 855
936 496
735 896
238 680
222 237
500 471
555 138
212 67
567 715
183 706
578 52
738 23
44 644
316 481
871 337
47 371
308 279
801 875
72 581
644 726
171 779
170 874
926 905
31 815
641 623
272 150
382 241
511 471
171 920
772 431
729 618
359 227
375 691
165 550
886 738
996 708
903 376
337 449
631 66
989 217
560 935
153 471
300 98
858 660
909 568
570 256
805 743
607 815
211 765
411 81
599 655
871 874
998 951
841 723
449 351
426 427
86 349
816 31
730 765
959 998
665 334
890 775
244 736
376 597
893 240
950 778
241 361
280 283
501 791
686 679
530 711
380 148
181 933
139 852
172 616
950 667
591 671
631 322
78 582
282 703
729 898
925 471
804 792
754 139
882 980
815 597
332 402
431 387
217 19
516 94
539 458
995 28
834 130
781 393
748 828
566 757
610 957
406 694
212 385
675 875
970 341
183 512
938 759
213 793
514 550
554 807
740 526
456 538
563 15
467 162
714 161
900 734
776 452
67 793
601 369
984 359
732 541
442 351
6 692
23 782
597 741
89 950
510 38
850 323
872 791
825 719
796 701
980 322
106 211
604 374
987 614
37 527
888 481
228 578
526 473
508 434
190 358
236 993
937 235
793 82
813 111
872 565
870 96
176 124
233 125
125 439
452 153
577 422
680 444
629 967
816 172
780 975
343 81
203 738
864 184
8 916
869 185
228 823
343 198
806 730
399 336
812 463
480 544
195 471
752 776
919 782
719 520
281 674
34 826
446 146
406 790
599 215
583 562
360 820
413 342
821 73
825 142
852 689
854 3
569 145
56 60
608 635
28 34
69 730
11 470
333 361
861 686
574 109
631 68
959 53
781 429
623 544
919 291
575 653
874 858
123 706
105 947
553 423
539 244
796 221
106 627
417 996
269 123
307 312
970 216
886 92
724 431
743 509
671 608
736 629
753 681
667 217
960 77
681 293
353 916
359 218
940 677
634 265
103 209
783 901
590 669
810 997
672 782
886 939
326 838
822 304
384 198
585 203
295 400
957 995
372 261
287 828
989 434
370 290
405 801
470 777
626 627
974 393
780 578
163 576
385 462
418 799
85 319
67 252
360 114
824 417
777 813
6 393
890 686
66 444
53 162
241 130
574 860
43 916
764 58
363 627
215 754
551 116
223 135
886 589
284 9
641 730
627 611
60 544
481 605
907 781
752 496
33 956
806 29
260 177
997 644
616 287
725 419
675 850
325 981
290 888
921 758
80 588
304 720
122 59
359 314
515 714
844 646
313 826
406 489
542 522
728 151
819 64
279 608
571 739
767 495
933 345
285 921
347 749
913 805
236 756
457 225
554 529
81 573
295 477
103 100
822 754
490 123
695 850
898 2
428 573
789 179
463 999
158 730
984 637
144 260
400 670
901 882
573 501
991 794
614 195
707 575
1 818
906 875
428 219
106 461
646 857
8 989
91 374
686 430
138 64
11 210
285 495
547 996
290 391
717 300
737 470
223 551
464 158
51 846
839 103
289 69
94 784
590 181
744 357
797 485
363 817
163 717
312 145
475 687
63 108
892 20
420 671
590 343
680 729
635 890
835 364
947 678
419 949
388 76
962 121
409 680
402 160
60 452
821 931
218 392
436 455
39 682
278 486
155 105
909 256
549 873
334 953
114 914
615 536
338 580
357 77
982 713
820 284
70 919
363 155
438 619
972 503
187 681
904 879
221 317
796 773
834 496
179 829
397 206
718 850
610 107
44 645
540 258
727 896
287 291
948 751
36 993
795 372
250 477
714 108
272 151
550 766
301 795
790 73
524 925
41 623
81 938
987 394
291 403
220 27
64 567
306 716
879 761
710 557
452 309
325 234
901 520
523 10
712 65
396 940
54 176
183 468
883 784
815 839
166 377
882 352
95 605
171 5
561 957
618 678
855 55
413 448
110 122
916 425
705 554
891 259
468 560
985 714
974 546
11 599
136 202
601 922
397 733
15 82
134 197
170 489
887 100
209 517
891 97
602 500
506 449
824 38
271 373
246 391
835 614
605 836
833 559
92 825
203 496
919 286
99 163
285 714
714 972
368 128
278 381
338 552
378 985
549 926
120 656
173 506
340 413
291 883
933 384
862 510
900 735
282 18
287 263
700 124
645 685
888 260
944 566
581 303
709 506
965 896
490 32
421 990
371 351
672 628
293 664
138 343
671 297
509 102
360 2
901 842
888 81
941 441
615 166
229 359
932 652
367 489
370 319
239 625
229 456
414 90
733 936
807 481
76 621
457 757
223 750
298 691
281 391
154 703
301 572
68 985
822 230
399 339
534 682
285 72
162 245
589 186
57 25
220 547
315 977
603 98
36 192
778 271
78 560
319 782
820 225
916 316
369 57
961 349
7 669
587 647
180 247
218 302
939 258
393 362
303 235
624 640
731 740
951 815
588 43
125 763
191 550
205 956
527 184
144 959
435 80
716 199
30 883
427 645
666 591
908 896
302 147
153 498
791 981
95 440
98 396
575 610
942 355
943 142
654 343
65 144
164 231
700 401
683 709
297 386
265 374
357 530
838 99
770 195
553 209
112 399
629 102
117 178
67 901
488 750
847 994
309 960
342 868
221 148
697 313
461 645
21 886
470 701
93 986
116 109
907 132
270 836
219 876
242 647
613 404
45 232
675 49
896 290
555 551
884 153
8 802
978 162
928 883
376 944
561 375
989 546
59 677
868 693
82 766
696 638
402 761
539 984
918 721
635 627
617 28
66 266
393 970
239 196
209 820
56 780
589 94
134 339
952 775
132 304
318 31
526 992
655 132
432 654
45 267
535 850
789 590
687 535
579 886
545 58
564 194
782 313
161 305
532 288
773 90
977 567
445 249
545 171
108 341
398 177
421 112
683 869
426 841
423 550
121 640
212 331
195 927
914 179
570 689
240 52
293 54
911 738
753 874
57 723
942 268
781 178
705 376
365 607
714 230
115 591
685 423
353 70
904 594
273 389
917 692
315 14
904 545
889 229
576 489
650 928
114 882
478 363
399 727
571 174
721 637
205 676
323 809
654 879
440 523
663 743
736 696
525 706
931 183
882 411
367 33
784 467
197 546
189 882
998 476
584 96
197 691
237 902
932 954
664 56
293 936
224 639
754 682
877 694
144 232
157 984
204 416
612 293
872 458
916 261
55 987
997 382
626 88
40 651
973 453
626 307
119 53
212 649
229 597
985 399
626 427
184 170
834 188
558 340
436 448
946 863
321 896
530 52
144 903
1 770
536 78
744 704
152 280
156 886
857 999
218 683
311 410
210 523
175 187
841 443
288 533
363 43
36 915
18 642
93 350
517 804
689 639
67 831
908 223
602 964
434 850
145 269
843 704
897 667
491 796
100 210
34 398
698 985
435 757
365 908
295 629
757 442
317 745
357 780
339 273
896 460
509 65
426 631
284 889
547 165
767 966
182 88
955 216
334 135
337 225
444 835
194 618
780 805
674 288
106 302
954 16
167 797
354 868
516 630
584 13
275 324
849 223
634 875
261 865
692 448
682 521
664 20
263 556
414 936
916 426
96 709
891 150
461 499
635 936
800 707
268 873
843 743
898 249
245 765
422 795
532 361
152 629
338 884
308 438
356 509
484 650
892 287
251 129
531 51
414 725
57 952
516 517
36 578
900 43
740 298
333 876
320 181
249 273
340 184
587 73
230 539
875 338
178 190
18 855
594 758
269 934
677 57
736 619
573 120
135 957
256 723
835 933
197 388
453 42
623 962
809 258
59 367
740 878
300 915
339 207
875 1
268 241
760 319
837 69
513 439
590 647
581 990
3 635
996 762
499 386
318 970
488 913
469 946
957 989
798 451
627 307
556 273
884 134
243 54
229 503
671 224
196 128
343 83
203 740
344 798
147 301
422 721
449 725
251 865
539 876
962 365
854 295
195 358
693 235
234 640
128 317
882 20
111 314
313 247
595 649
190 175
425 382
907 517
748 749
643 875
147 395
499 185
596 841
333 605
762 561
22 727
247 168
255 749
496 20
126 880
457 714
929 664
714 926
700 733
293 17
991 78
243 942
430 346
982 647
490 577
311 420
17 224
456 576
952 581
865 484
416 722
466 361
540 190
790 276
594 621
211 71
429 132
691 209
352 511
832 905
425 613
335 238
164 381
36 137
258 415
576 398
580 590
177 85
611 349
932 451
127 729
811 658
867 750
984 530
626 655
118 940
244 458
962 653
64 624
927 217
548 258
435 971
846 192
479 710
449 731
337 41
893 84
202 853
133 725
245 81
870 364
410 774
538 500
181 249
539 987
594 354
812 429
206 676
854 720
690 849
552 882
94 709
705 608
298 950
357 361
108 545
125 925
860 592
533 374
356 17
422 479
854 752
601 928
806 353
679 61
972 9
510 984
973 288
846 534
597 404
523 529
302 752
907 958
982 86
476 803
186 869
575 461
333 978
92 883
991 29
482 127
609 903
157 876
88 986
450 705
952 771
311 512
666 561
98 79
139 659
288 411
36 745
558 626
523 989
970 250
644 895
204 694
351 545
254 308
516 305
700 438
102 376
322 856
895 53
109 640
3 303
984 965
408 413
245 320
547 426
770 87
295 592
6 525
962 975
656 82
400 656
935 896
59 117
315 495
933 539
245 610
103 324
257 426
995 694
632 32
278 576
712 984
659 691
132 721
650 274
817 259
637 386
795 598
710 598
492 695
419 635
112 967
479 587
685 780
932 955
882 378
574 540
920 931
371 707
320 895
375 795
51 705
623 49
915 872
886 653
759 689
355 855
356 228
379 77
864 575
886 572
389 130
691 574
68 583
47 811
894 975
623 279
501 451
702 989
894 862
663 329
537 724
763 1
618 772
32 111
914 5
252 633
680 730
188 465
504 934
705 824
269 48
164 346
330 46
568 764
249 86
835 827
965 648
14 764
648 278
982 937
953 961
753 631
975 208
252 669
987 460
572 28
719 223
525 434
124 923
140 912
659 896
325 412
453 343
112 551
812 942
542 719
490 834
12 346
949 727
605 117
400 764
720 769
763 56
760 2
353 700
321 973
85 913
732 120
186 20
371 16
353 557
335 629
76 633
323 917
437 133
998 366
734 363
328 844
692 209
684 25
379 365
882 678
434 193
217 596
470 166
717 95
898 731
849 111
770 615
928 410
682 921
989 779
756 554
427 302
321 295
51 586
968 84
454 517
91 861
256 438
955 756
984 93
647 730
301 938
235 630
455 101
222 368
406 619
450 871
714 744
255 712
566 884
833 174
482 436
134 725
877 221
271 484
633 521
5 328
373 782
639 551
882 516
524 639
246 167
302 373
943 75
107 239
87 973
880 45
2 369
554 802
973 812
80 677
83 262
776 455
784 946
144 17
328 462
149 736
544 861
311 401
339 206
748 274
929 992
453 331
646 618
356 145
832 844
489 213
894 30
770 398
584 614
764 766
471 168
36 475
353 585
979 749
72 399
860 184
717 353
21 474
884 310
388 563
104 864
690 987
866 480
786 666
489 298
841 605
458 827
699 875
100 500
324 764
493 227
561 991
565 959
142 864
109 275
626 191
717 212
281 848
252 509
380 298
787 474
954 617
539 6
964 578
843 466
497 339
891 15
783 191
821 872
386 49
890 333
81 687
568 457
430 149
41 463
995 906
638 734
463 864
193 132
340 221
349 957
457 287
806 586
173 587
635 352
88 29
839 154
182 699
519 792
520 138
369 724
779 951
671 621
800 394
676 309
3 165
23 190
157 872
206 463
598 43
594 231
295 687
888 401
618 554
927 442
505 583
968 297
152 664
400 693
475 363
646 598
850 181
203 781
320 820
428 99
504 265
106 69
417 406
806 904
382 494
590 787
940 966
745 298
177 310
875 667
71 918
572 665
621 340
825 755
246 871
854 614
485 193
848 331
884 441
891 495
67 989
821 392
608 459
276 787
846 543
191 128
543 703
731 439
769 662
219 347
935 1
151 758
133 7
639 955
952 439
76 87
479 42
913 609
635 192
561 677
673 483
182 276
569 178
147 772
706 109
156 78
472 139
238 950
97 546
649 219
670 611
622 792
71 242
100 514
895 673
77 413
29 330
520 215
114 930
226 232
821 671
739 314
487 32
140 315
853 671
179 960
858 690
410 308
193 684
819 656
110 711
417 440
330 463
168 510
975 29
447 660
181 565
954 280
628 439
984 974
923 751
713 151
976 585
333 254
237 690
233 58
115 58
405 834
451 162
615 377
51 802
361 158
16 623
383 821
519 119
797 369
263 437
858 321
828 223
110 242
312 293
191 87
998 429
458 208
54 501
113 783
744 247
941 579
748 679
86 986
68 561
218 194
660 925
938 219
764 89
947 683
506 313
532 343
42 39
423 998
445 170
907 989
912 833
57 930
233 210
293 71
956 649
84 316
321 902
620 286
285 274
261 467
425 992
615 533
486 715
433 477
142 263
348 744
47 398
344 895
916 892
979 295
925 853
500 524
793 687
338 244
103 52
361 685
14 543
995 831
6 607
447 571
698 999
815 8
918 224
906 552
745 448
214 653
732 202
59 912
124 429
499 89
135 31
323 775
992 470
261 581
708 498
945 711
146 903
474 264
261 470
393 806
38 520
76 475
37 939
186 375
902 97
742 864
588 376
546 215
994 805
726 468
29 124
851 710
808 929
425 503
707 489
1000 125
928 266
903 560
53 231
518 322
646 279
26 644
152 631
905 159
32 29
143 315
972 161
192 723
393 476
412 296
990 773
900 21
938 864
499 810
361 845
176 424
454 198
79 735
279 41
657 153
253 728
913 55
933 60
600 203
994 58
619 153
514 469
161 827
57 155
390 632
763 616
321 573
16 461
705 471
245 406
62 884
193 763
205 520
278 956
129 396
718 510
371 209
543 241
804 227
333 665
804 21
242 670
631 455
429 354
345 863
751 483
183 279
23 718
944 117
124 269
710 524
513 192
883 72
671 371
656 712
272 705
57 429
294 386
685 851
464 89
601 680
237 844
935 399
958 884
206 761
493 115
5 215
388 225
261 125
228 480
910 362
578 426
969 875
473 104
644 321
96 961
907 997
465 510
933 877
471 930
477 673
812 926
65 39
726 956
360 613
554 229
352 949
133 486
798 721
62 423
9 569
398 613
19 624
938 614
813 634
117 413
138 322
3 698
558 822
944 582
799 456
163 298
375 686
240 727
993 15
261 985
832 907
960 240
970 777
750 318
790 116
295 686
386 326
542 757
430 621
233 291
415 209
272 353
967 124
939 406
25 47
441 287
704 403
561 62
120 218
600 548
802 800
127 569
510 435
298 515
195 153
125 200
770 299
916 159
419 577
183 488
618 475
750 596
941 717
297 125
397 761
950 293
291 315
347 272
423 159
29 36
13 671
273 754
272 971
147 41
518 488
441 836
497 874
281 819
164 876
590 196
679 63
493 1000
778 732
621 492
489 833
841 710
425 233
855 591
677 443
207 424
316 773
714 787
331 320
762 932
394 950
53 659
848 581
903 847
563 218
378 796
36 890
2 310
353 234
135 630
407 781
193 385
948 535
455 513
793 722
249 922
328 263
554 541
115 961
666 499
772 178
97 463
889 306
304 239
760 232
561 457
10 337
620 556
824 773
117 410
182 115
811 513
530 939
114 172
126 395
955 302
820 608
430 748
181 170
608 138
113 556
935 369
523 115
907 272
158 154
859 59
424 800
975 961
941 561
543 269
780 753
308 210
256 317
939 16
668 626
858 96
719 409
643 788
990 637
780 278
664 473
612 439
708 994
216 416
345 252
879 135
237 54
75 295
147 946
536 23
540 811
354 370
262 545
180 170
40 541
901 246
173 863
235 682
593 704
387 129
902 736
796 99
450 547
956 889
98 81
244 563
465 818
643 353
574 267
903 691
317 802
896 899
35 497
793 648
365 726
926 867
359 56
509 574
205 914
97 9
143 898
899 490
841 154
738 739
261 785
577 688
136 938
546 673
968 275
344 525
36 195
609 7
993 160
499 427
615 41
616 985
287 978
491 575
167 568
296 575
84 262
429 381
361 95
785 749
275 619
771 558
441 343
871 865
197 626
436 734
592 604
129 242
537 237
194 920
540 744
752 914
241 403
104 917
346 126
612 373
781 722
243 490
426 182
100 417
582 777
677 831
513 822
792 251
942 849
501 643
924 164
424 724
648 922
649 423
356 361
708 531
69 848
195 685
434 463
892 208
471 552
330 652
792 409
196 421
26 645
136 93
542 325
416 957
859 451
950 958
899 952
661 697
866 445
167 384
799 915
415 922
715 128
576 579
236 116
708 307
863 169
478 201
585 370
144 885
413 969
22 778
463 172
35 493
217 466
222 861
27 849
980 105
257 980
404 557
928 366
942 37
11 709
175 446
698 521
491 358
118 572
157 676
897 789
258 297
766 55
637 757
103 313
750 972
496 48
957 986
318 600
944 487
798 454
836 157
710 754
604 401
306 895
509 836
863 885
793 375
299 138
423 362
855 497
142 580
569 728
100 502
431 622
180 302
611 483
897 322
826 344
973 215
372 738
581 530
638 733
505 233
643 991
589 7
264 976
322 122
805 384
556 743
425 355
578 427
99 646
462 774
856 569
415 856
734 574
226 881
943 342
892 318
783 185
821 886
716 108
641 8
42 143
740 378
173 679
619 635
838 667
758 322
248 519
356 754
984 187
32 792
783 438
311 430
238 762
166 375
528 600
106 636
640 886
225 651
406 433
965 846
823 416
10 73
967 400
352 259
691 210
415 434
849 702
524 978
589 820
171 999
300 769
926 597
827 240
495 870
318 997
463 209
419 354
955 473
665 126
208 511
620 600
591 361
870 400
16 330
983 211
103 656
287 601
893 173
137 352
431 514
507 504
90 128
734 873
749 691
160 830
440 30
603 243
713 791
454 579
592 96
333 638
564 206
503 178
549 542
173 890
342 871
95 85
596 590
585 731
970 263
918 793
389 623
87 774
74 419
476 499
826 914
611 920
355 470
456 639
199 551
365 753
499 515
139 626
842 63
145 293
553 160
991 722
724 63
361 695
749 540
681 260
818 151
965 68
162 659
879 514
580 429
945 24
914 593
34 473
272 334
780 174
853 864
55 482
422 931
371 57
172 62
409 788
319 313
638 89
732 6
989 401
537 16
23 753
360 437
512 338
750 742
945 173
264 571
753 223
814 599
102 741
251 701
677 905
896 32
369 266
373 603
686 653
927 621
180 486
369 411
960 770
405 496
911 153
898 788
906 567
924 788
543 546
639 857
233 517
566 449
324 813
646 297
247 237
852 758
219 999
639 814
285 991
967 231
460 363
118 331
674 529
434 266
550 164
808 515
554 43
94 224
134 895
213 158
448 277
696 184
201 766
734 272
311 609
536 673
923 99
84 173
620 431
178 150
86 503
400 164
773 749
478 381
923 16
192 6
526 431
999 482
141 115
663 210
667 23
282 630
196 581
508 855
678 437
883 645
899 424
492 948
575 823
980 197
927 350
620 220
547 136
530 176
923 431
980 308
84 865
235 698
552 467
183 111
240 623
942 232
232 559
379 704
452 28
846 324
314 93
757 311
560 861
231 688
37 887
811 620
206 86
353 546
980 573
210 365
229 479
780 801
11 147
418 126
827 262
495 124
906 923
979 579
217 552
457 685
385 408
663 997
461 141
431 597
324 667
293 596
994 803
168 935
405 582
851 746
138 835
420 839
711 642
161 34
57 113
21 534
424 453
833 528
105 413
622 154
644 472
384 638
173 928
892 164
513 727
735 302
22 719
39 359
811 470
470 353
99 89
618 871
991 511
166 249
39 581
558 719
459 806
710 506
2 477
517 743
541 436
819 845
781 357
213 803
696 451
145 451
53 714
701 78
580 801
282 236
725 184
232 322
529 101
32 987
473 639
260 571
317 950
46 236
73 178
476 217
850 426
671 680
712 599
620 192
382 23
480 635
865 47
993 82
244 220
416 86
706 825
397 809
949 647
306 395
953 700
607 619
280 786
707 621
138 336
603 524
833 712
987 493
276 454
782 836
997 796
745 307
542 968
517 758
485 467
167 829
719 752
335 763
817 328
656 714
34 82
732 381
901 760
397 245
632 313
800 517
103 764
109 383
38 901
354 614
669 253
699 951
428 589
44 594
30 297
640 493
259 834
721 19
243 630
782 439
146 429
231 253
83 890
816 637
576 649
406 522
356 413
284 82
782 209
749 98
256 691
61 928
765 25
502 18
673 294
485 832
969 607
346 518
227 327
518 590
939 30
526 69
948 287
981 792
36 753
808 51
992 647
296 158
313 800
112 352
468 347
652 555
107 204
415 671
696 479
144 113
809 64
3 25
207 281
528 744
641 911
903 444
538 305
701 963
481 96
212 240
344 936
326 776
151 343
923 486
301 454
528 406
965 111
251 957
258 411
996 779
614 334
980 364
896 537
895 371
337 259
870 183
85 997
374 806
91 316
55 409
497 581
573 604
43 433
461 994
297 833
778 355
837 327
984 901
587 730
516 812
519 511
387 848
390 49
418 166
40 679
45 389
233 893
342 329
587 753
664 33
205 255
116 558
635 630
121 976
678 518
609 635
208 60
449 294
455 795
161 490
419 782
650 190
137 65
184 36
829 652
521 171
687 530
65 231
639 821
859 413
222 335
423 588
421 930
389 844
799 965
47 800
769 954
952 152
401 118
973 574
970 260
143 738
915 381
238 548
460 550
598 260
644 980
689 709
118 953
231 378
378 794
715 425
496 353
39 883
207 253
689 598
211 246
89 726
867 451
541 670
67 983
328 265
202 302
852 484
912 81
469 788
554 682
24 689
426 781
318 823
779 259
763 880
837 25
969 145
182 198
224 968
525 364
174 426
108 191
660 501
201 502
69 635
702 872
495 234
243 69
297 957
745 267
289 893
163 772
342 929
120 403
59 855
75 790
46 595
987 243
20 106
223 557
579 285
233 857
786 737
703 868
856 805
43 490
898 866
150 991
765 284
413 359
423 627
60 764
224 779
777 220
291 635
467 738
831 440
462 895
431 500
5 463
801 288
142 232
365 289
539 404
743 716
636 892
175 96
69 557
786 71
36 698
556 897
840 772
584 878
514 605
952 914
274 642
259 106
356 513
487 240
783 394
456 668
739 347
939 781
327 612
980 87
862 407
167 741
685 390
282 160
445 308
240 529
723 156
326 4
875 937
269 752
383 662
818 267
345 983
969 141
608 987
456 88
519 289
975 355
449 817
836 187
504 324
620 530
271 616
664 972
438 459
2 291
349 548
941 480
985 784
12 436
573 56
16 575
367 64
538 860
206 966
154 677
138 110
730 708
251 877
777 909
25 944
390 136
673 876
926 110
30 419
837 561
986 285
147 133
25 545
808 932
250 335
621 656
311 896
665 725
385 810
425 261
578 325
85 307
34 755
118 293
7 708
854 105
859 453
643 528
357 739
166 111
222 809
756 891
796 466
947 934
715 130
808 480
790 688
188 258
977 643
652 689
959 567
596 502
786 314
828 193
361 808
173 500
287 380
307 338
24 860
425 739
617 371
987 849
236 683
360 237
205 948
222 978
831 960
776 602
562 119
429 44
361 654
822 557
749 995
382 20
440 891
182 384
40 341
921 236
64 331
482 726
862 685
955 29
516 420
281 254
979 915
764 651
512 590
555 672
262 246
339 417
766 88
452 128
24 391
522 394
978 184
547 981
569 621
343 110
551 517
556 157
836 921
6 122
872 730
210 481
547 930
20 34
521 579
190 374
124 494
640 127
716 682
399 206
350 886
310 959
204 406
48 746
808 896
769 654
647 677
669 109
513 397
764 45
682 776
562 866
834 991
859 432
787 79
554 462
442 996
242 402
561 358
375 402
359 553
624 646
386 767
169 245
530 116
373 893
693 673
611 17
204 937
13 141
566 591
330 19
361 959
145 959
884 525
98 390
472 602
737 165
980 557
610 45
370 774
480 202
69 168
469 654
130 624
834 143
509 290
789 464
356 607
411 913
200 6
976 615
278 697
175 803
68 46
519 510
6 215
673 970
343 114
932 573
58 142
560 68
872 310
965 637
5 326
633 485
833 701
890 838
109 354
769 377
474 225
312 252
459 383
171 67
212 925
792 309
460 99
243 597
834 944
158 494
752 521
159 819
644 401
954 521
204 152
976 449
703 182
11 134
658 373
108 316
454 976
203 80
593 328
758 730
874 372
626 272
19 322
776 71
425 127
133 438
66 891
875 499
878 650
75 235
830 873
902 650
536 758
866 69
762 18
122 437
305 755
207 252
173 316
737 833
439 409
701 998
230 515
712 513
435 622
240 758
261 826
154 138
767 202
491 967
274 867
567 314
810 817
889 856
488 607
548 77
308 997
605 108
224 969
940 791
413 945
492 910
11 122
757 419
520 848
609 331
918 917
103 735
941 268
396 171
285 488
33 375
819 848
979 732
63 183
897 287
829 860
363 822
318 82
321 350
712 409
787 425
699 629
539 728
702 308
26 829
782 364
308 499
347 543
76 119
556 681
613 808
462 892
86 184
469 32
986 890
218 480
147 804
900 174
223 113
761 698
498 560
482 39
660 622
113 335
647 800
178 773
765 863
678 126
438 755
315 769
661 360
61 88
598 289
213 781
895 865
435 319
368 234
496 319
223 315
72 766
568 739
635 317
990 222
904 741
463 122
766 609
732 561
75 578
121 143
131 820
597 713
857 564
197 59
783 804
148 529
738 369
611 997
562 35
249 804
514 158
875 198
40 265
24 654
867 732
119 879
746 919
685 306
129 469
520 642
501 587
327 819
823 942
516 854
208 441
850 8
843 701
889 598
512 641
99 929
708 13
593 187
629 525
167 383
640 148
785 925
78 428
155 913
228 121
856 770
233 709
416 941
937 712
631 421
336 202
63 393
1000 97
543 992
267 467
610 736
241 67
460 171
681 766
318 217
670 370
485 584
142 939
750 60
329 736
96 825
503 372
126 785
342 818
90 267
166 108
938 989
995 4
762 722
839 399
326 358
83 559
412 347
420 555
535 743
536 703
442 658
848 625
419 926
117 276
123 318
819 16
913 43
416 525
715 483
109 912
455 676
525 336
232 945
515 920
623 859
541 186
159 214
178 410
914 550
149 747
408 427
45 842
84 784
197 31
605 178
914 697
99 84
419 381
132 469
504 387
400 846
741 547
542 556
390 297
907 145
432 127
766 462
513 314
235 386
612 976
602 58
31 446
919 270
254 781
607 779
775 47
335 596
673 557
582 575
654 984
572 609
993 540
722 178
206 803
752 945
445 118
6 10
321 484
232 201
150 437
614 110
262 147
358 904
713 751
425 471
189 406
872 8
998 760
33 138
52 146
366 374
260 423
354 326
652 993
377 543
433 861
530 453
363 540
471 969
385 934
812 523
374 188
377 648
153 631
216 266
990 858
764 561
316 893
555 604
351 459
327 567
929 658
345 546
754 393
758 321
479 352
84 368
506 206
606 277
975 243
293 236
222 2
616 457
230 569
620 497
412 558
416 553
255 94
202 86
222 173
574 454
614 659
11 516
672 346
287 339
879 789
830 961
331 535
610 413
85 672
300 877
266 557
529 865
533 617
625 760
516 235
97 423
996 821
432 396
163 12
421 844
831 709
672 774
578 518
332 572
79 273
63 956
653 482
192 111
642 853
954 99
741 313
98 813
638 947
430 724
30 425
707 246
641 132
971 701
270 414
826 136
609 520
427 79
102 591
916 505
864 954
424 983
151 668
975 926
651 892
911 134
589 40
458 570
756 623
461 437
393 173
730 78
12 897
759 762
643 845
751 820
57 792
647 537
155 359
564 201
658 370
986 871
518 270
705 821
338 822
481 780
636 235
229 651
179 410
161 699
491 348
44 996
759 239
463 978
616 747
74 351
181 601
1000 32
921 404
425 911
389 620
252 962
550 409
718 975
482 859
835 837
70 50
398 581
408 709
943 815
72 594
642 322
112 339
24 917
131 987
153 823
725 567
528 357
590 373
69 139
932 15
179 978
59 173
280 686
173 221
447 514
720 908
226 430
298 209
337 476
728 731
250 675
605 107
309 606
77 402
250 786
603 832
492 911
486 138
864 26
774 395
461 900
106 309
515 418
453 544
723 318
584 24
712 45
327 620
55 669
629 552
902 126
584 103
73 998
741 63
321 428
484 40
431 547
432 579
877 687
592 801
864 582
459 282
226 611
932 77
119 236
296 677
379 48
753 195
498 929
129 711
599 260
801 181
554 391
496 195
919 413
857 81
429 753
472 108
588 106
237 340
460 501
526 144
855 732
269 217
455 306
369 949
776 243
477 432
468 79
161 929
644 970
994 19
293 498
304 579
601 499
175 320
18 765
528 645
44 637
923 130
852 36
391 488
709 381
1000 783
326 602
189 161
923 307
546 636
432 374
184 971
97 126
82 234
504 104
140 910
452 904
399 643
461 838
68 184
253 228
70 474
187 218
667 596
785 517
139 95
713 182
419 319
811 609
793 238
989 368
814 660
394 99
953 496
536 264
317 405
835 573
559 832
413 182
306 806
976 846
43 153
100 478
135 329
380 62
347 303
683 329
884 510
100 429
617 221
85 479
394 468
626 149
625 943
534 992
385 703
9 251
564 355
394 423
865 932
593 501
999 887
247 44
289 308
348 629
458 453
954 8
38 88
869 546
818 564
857 42
734 352
807 483
230 899
781 273
620 383
378 126
322 541
45 329
184 427
147 545
630 160
596 496
409 458
258 225
633 877
616 637
525 157
691 77
505 482
804 340
787 606
771 37
370 992
36 894
874 400
453 19
936 243
519 976
775 618
890 976
746 726
248 395
268 232
328 323
774 678
168 812
559 288
653 283
747 192
505 685
163 19
257 202
194 679
177 435
718 370
721 702
81 799
632 337
220 358
372 345
862 860
168 982
428 298
385 505
707 170
302 914
393 982
871 615
489 701
492 516
742 912
880 170
128 308
111 323
665 595
560 279
156 322
449 354
503 170
565 91
198 604
878 846
57 876
576 652
647 581
815 423
325 599
416 989
181 723
754 311
829 327
332 353
761 625
189 232
469 328
553 285
360 168
717 530
41 49
706 293
37 5
406 474
641 787
397 189
202 87
866 46
193 440
219 696
844 633
316 418
710 22
272 184
382 167
832 896
279 415
157 787
853 630
250 541
306 475
128 519
14 995
352 101
334 437
589 641
441 433
776 854
462 25
923 537
28 931
413 939
31 12
911 212
897 998
326 696
76 683
607 729
8 859
533 604
335 954
798 294
965 287
292 591
480 743
944 22
873 112
362 759
146 968
48 191
497 932
393 865
419 852
987 25
436 769
133 879
997 96
690 840
446 73
196 303
935 63
403 406
765 697
209 411
122 908
375 82
787 508
436 214
133 146
273 817
692 391
530 294
787 109
937 312
874 901
21 153
830 156
352 393
545 796
680 741
633 177
772 29
957 7
425 910
981 129
531 334
752 434
74 431
764 669
666 683
459 667
856 678
779 888
986 728
222 142
427 757
338 379
735 692
975 197
170 892
444 371
926 923
374 756
71 556
296 810
465 661
451 454
897 800
699 380
917 301
754 961
150 180
62 896
746 945
505 613
968 331
54 784
651 334
963 432
871 235
456 142
37 863
594 140
150 406
462 484
582 501
346 325
721 369
151 46
261 508
9 403
997 930
392 747
380 932
896 181
300 293
198 984
406 700
76 316
518 175
25 586
264 654
262 873
392 688
543 264
158 302
513 813
418 427
938 306
208 27
907 757
360 230
117 380
695 626
942 773
651 744
656 834
694 654
811 920
740 472
905 101
82 798
639 810
307 191
327 64
293 496
192 717
501 381
291 659
164 611
769 775
957 186
84 314
840 952
322 499
507 949
808 406
386 852
936 710
749 329
715 505
610 241
739 463
154 347
304 580
585 981
72 736
89 646
914 433
611 777
153 865
732 737
657 465
666 694
149 725
351 659
306 272
899 317
993 74
741 956
446 23
211 501
323 751
729 624
783 450
112 606
542 566
779 288
852 362
283 945
748 30
760 9
563 614
569 997
737 303
719 875
243 34
964 2
413 772
196 148
162 4
971 870
8 994
393 808
837 685
604 168
896 145
769 389
211 217
829 781
422 685
208 217
45 458
194 772
621 619
858 303
613 254
256 367
918 657
426 179
635 563
546 64
184 426
163 656
170 188
613 104
834 839
156 383
199 315
402 987
367 513
354 416
321 169
673 60
696 646
345 35
364 777
937 487
521 224
151 933
100 787
7 705
265 290
829 290
333 915
798 615
19 380
266 593
494 734
411 230
395 733
748 837
606 319
37 96
865 615
536 641
685 562
162 787
18 847
974 690
926 817
528 640
785 247
735 895
94 619
575 966
120 776
600 18
188 833
315 228
340 644
498 933
830 392
847 119
535 126
196 347
489 215
876 485
490 184
555 788
920 439
918 134
255 913
599 230
196 490
343 261
145 924
510 270
296 512
230 185
768 874
785 716
182 60
898 485
537 35
119 659
379 447
141 906
660 142
773 425
778 113
636 285
998 412
581 652
105 323
59 638
794 967
851 650
887 861
648 556
708 558
303 412
251 71
33 136
588 382
769 572
790 902
119 68
359 981
179 275
810 83
919 599
186 841
812 517
943 349
673 329
503 346
805 602
203 6
534 8
523 715
563 294
456 874
899 808
972 338
406 360
818 680
621 181
143 571
58 789
541 404
156 694
657 127
31 684
662 648
258 194
574 452
634 51
448 252
953 913
421 647
478 456
207 138
945 277
446 810
107 494
253 146
941 487
689 776
836 585
729 575
897 731
239 394
560 571
483 988
118 541
600 268
512 958
987 604
127 705
901 772
331 964
484 902
617 719
922 547
943 725
850 68
970 533
58 427
167 767
577 925
392 763
528 199
710 723
806 786
275 678
594 56
846 984
941 293
279 834
391 772
964 90
824 589
641 105
453 731
755 119
430 608
514 761
593 129
978 745
699 148
744 371
835 92
674 66
158 307
585 718
432 138
117 884
433 925
655 798
164 795
56 132
57 173
830 464
760 620
947 596
693 120
787 511
200 675
735 477
241 9
317 340
106 802
51 312
878 431
146 28
332 311
652 790
504 692
425 124
977 703
887 468
249 352
361 894
331 269
791 786
133 452
36 785
398 984
496 278
957 119
596 297
31 259
851 412
719 429
539 91
575 905
923 184
118 812
503 866
128 710
421 699
173 330
49 324
362 133
839 173
326 872
96 470
995 619
154 137
67 616
838 215
396 382
251 671
914 767
27 570
858 788
144 382
642 21
167 530
41 650
405 105
297 784
135 48
750 905
974 209
581 913
159 335
727 972
646 855
172 202
500 719
655 559
984 788
21 283
258 959
962 395
345 443
461 373
906 194
104 974
447 166
132 398
479 849
686 769
502 658
29 2
912 688
397 606
713 677
143 14
271 69
299 260
561 617
644 368
189 333
835 487
786 161
215 537
181 665
368 432
847 824
101 903
886 982
522 743
959 910
265 662
914 125
268 367
496 84
773 822
939 466
669 741
636 888
507 948
361 974
844 333
866 245
648 32
540 118
657 182
472 396
71 348
778 470
795 32
524 546
856 50
822 795
990 221
667 234
465 982
486 812
837 211
144 45
700 82
59 346
947 431
709 268
141 348
20 615
93 119
799 353
567 787
522 998
951 496
153 51
462 39
408 159
281 151
138 264
638 239
860 61
823 939
382 297
845 943
681 918
388 688
689 387
817 214
620 669
662 478
454 589
285 457
638 969
4 631
556 68
152 386
82 703
464 284
986 281
508 101
453 804
538 634
741 81
851 753
619 506
391 626
630 843
5 252
812 764
228 459
138 991
355 24
845 303
511 612
517 849
924 885
137 157
319 877
346 781
648 879
613 841
462 863
319 754
123 469
397 292
826 642
956 565
208 693
762 772
285 559
14 23
843 77
522 618
834 264
64 763
203 379
204 528
923 66
852 868
126 577
87 965
736 757
68 147
554 810
921 549
311 358
849 827
900 705
260 544
724 13
447 870
726 599
840 514
123 910
760 473
335 29
743 176
671 663
178 360
549 375
680 250
845 736
862 262
221 134
296 739
813 322
119 991
762 410
846 314
439 224
872 913
210 40
155 427
864 85
497 604
637 355
135 120
319 495
28 968
570 299
662 267
522 438
922 492
409 727
431 790
140 609
368 862
495 415
902 437
981 22
746 315
200 347
76 502
478 976
959 445
238 636
512 398
821 444
825 953
897 324
594 262
392 284
1000 49
428 586
195 337
413 442
788 154
937 544
595 656
924 810
450 929
646 866
113 89
355 996
66 113
605 924
553 609
8 426
198 493
680 636
455 470
756 859
320 379
84 268
540 112
327 152
795 202
62 479
250 103
735 956
226 220
923 46
11 252
321 752
16 258
714 889
680 809
210 712
339 916
654 349
857 855
287 348
74 107
183 799
131 992
294 678
62 648
451 607
32 619
199 805
960 683
883 876
477 239
614 496
779 653
177 243
932 101
515 151
555 994
738 308
820 938
562 230
387 953
874 39
966 735
626 644
642 161
326 702
786 262
996 534
428 234
211 650
432 237
824 735
733 785
917 90
256 10
295 235
869 194
746 287
285 433
177 520
747 51
842 778
57 466
590 164
539 978
59 556
53 6
514 419
377 887
755 148
459 371
319 967
51 541
578 683
413 567
347 390
919 660
632 568
483 198
998 667
838 844
450 901
967 872
787 510
429 818
665 990
830 416
977 924
482 274
318 148
937 318
331 27
201 635
570 724
954 514
563 261
216 152
71 234
808 444
773 866
942 683
240 957
576 34
540 130
448 880
501 42
654 142
899 37
239 533
690 226
605 469
75 602
794 132
980 175
528 344
913 786
43 928
673 80
440 840
239 568
978 312
232 682
841 112
733 34
457 895
538 48
336 632
478 711
818 352
988 144
400 649
386 468
599 526
512 522
231 650
470 582
60 648
572 710
132 843
591 668
651 209
894 425
128 178
112 865
505 754
208 352
449 586
964 191
31 256
699 826
917 239
521 526
445 766
910 920
785 949
440 482
726 448
397 972
677 535
833 526
480 850
753 241
449 261
431 669
123 15
356 380
564 313
915 81
549 461
482 310
47 850
235 556
450 651
3 894
436 458
166 215
539 363
425 95
976 373
139 857
175 111
985 183
181 654
724 270
613 864
493 632
773 838
634 150
890 252
504 943
784 673
197 372
108 81
827 517
830 920
248 436
143 316
417 953
126 437
363 37
787 583
420 36
5 910
106 961
947 553
296 889
762 276
323 576
805 824
644 220
962 953
516 681
837 87
36 202
455 768
738 508
427 703
923 594
514 13
332 752
945 911
827 431
828 604
418 120
706 494
771 534
565 640
33 279
825 819
203 579
129 868
132 589
152 387
159 576
971 582
419 751
313 112
811 145
205 130
741 80
156 458
964 433
158 264
252 99
464 994
402 838
389 92
730 914
371 961
551 160
55 817
832 637
703 101
579 171
347 856
469 95
17 694
644 341
113 13
78 765
821 795
114 689
186 802
942 513
874 987
57 958
602 362
217 136
274 449
294 772
459 729
374 118
657 768
75 183
596 499
545 587
682 333
344 180
515 783
601 460
106 914
171 438
404 581
166 556
153 835
980 112
615 435
428 287
294 720
338 208
391 350
836 428
983 640
608 670
7 918
349 496
480 1
215 491
548 504
295 531
187 138
138 222
447 724
913 516
842 418
936 931
497 595
712 183
685 24
410 534
432 194
856 926
294 526
926 429
360 356
513 216
721 861
557 239
523 35
732 379
181 235
501 846
211 956
674 60
532 66
721 127
426 149
523 257
392 285
767 499
401 465
73 780
6 296
320 559
119 209
411 664
695 772
535 835
661 516
556 734
796 365
449 126
468 718
62 337
234 936
497 330
647 582
467 526
484 592
52 956
473 225
394 464
421 65
478 114
215 866
999 532
754 389
574 232
278 421
578 247
564 421
416 702
717 736
26 52
994 103
406 473
616 461
209 905
339 806
3 210
957 450
361 563
13 106
268 839
905 712
598 591
434 784
386 175
23 806
678 702
300 873
68 477
505 733
328 354
758 944
301 81
858 830
288 932
183 173
496 775
244 429
343 299
370 455
297 843
279 751
168 290
133 426
301 900
330 590
450 913
190 388
64 872
390 673
219 436
573 937
341 905
379 202
180 265
223 469
281 650
467 863
912 944
488 450
971 415
590 327
593 417
646 181
228 400
19 107
310 456
99 441
869 645
212 632
532 299
259 713
83 909
891 34
150 353
514 849
307 213
678 964
919 490
715 65
308 681
631 941
123 762
964 988
531 339
238 665
611 129
792 869
761 364
712 49
961 882
924 354
359 447
737 747
709 645
467 102
654 318
452 754
435 781
888 728
540 417
905 740
176 756
267 271
144 82
954 463
221 92
921 318
667 814
802 523
441 523
407 600
709 72
788 569
107 635
145 858
685 328
402 302
712 962
682 742
937 20
167 882
2 265
445 652
637 408
430 756
569 680
72 496
920 62
165 87
371 860
102 668
401 639
510 689
955 516
224 522
778 55
926 135
909 317
569 394
826 295
55 959
108 639
852 654
392 164
636 37
251 1
656 837
431 770
414 597
952 92
471 540
935 173
518 351
29 290
359 543
790 831
276 653
464 613
356 739
599 497
514 821
17 491
308 286
847 939
403 514
26 587
235 819
787 872
75 138
351 873
616 502
602 681
252 994
770 973
697 603
662 711
311 495
762 51
616 466
731 884
642 552
66 749
140 164
625 602
679 893
149 722
900 638
596 45
672 757
490 48
515 65
275 804
572 22
149 835
962 950
400 135
466 73
913 654
975 551
577 569
851 198
616 961
980 418
983 989
713 41
417 484
605 75
909 555
37 880
239 843
334 146
281 262
870 448
428 179
762 970
483 448
361 208
895 202
842 609
995 110
885 525
707 805
104 782
622 464
110 292
293 972
495 490
567 326
134 135
925 136
671 480
416 376
773 340
596 969
985 726
967 930
713 839
436 26
934 297
937 603
539 699
597 481
519 42
941 815
985 327
915 108
352 836
151 934
333 575
513 802
137 467
848 479
921 920
631 119
853 169
835 594
178 851
929 649
382 755
683 46
644 116
458 163
633 535
477 514
506 183
52 767
326 490
438 720
934 245
373 901
799 697
411 360
286 772
914 257
349 188
891 697
549 19
342 755
400 22
539 5
885 60
891 534
585 839
233 474
624 171
328 615
794 253
944 546
300 902
784 59
182 358
37 417
535 166
684 540
390 659
548 51
16 228
989 159
662 47
997 692
943 562
649 944
645 964
174 484
233 104
880 916
72 42
327 786
519 400
83 846
906 983
564 783
327 931
629 7
186 417
637 64
765 11
142 993
293 992
622 351
71 463
267 590
198 694
399 69
773 328
705 514
172 577
146 420
807 985
55 788
117 959
423 976
681 652
265 498
583 694
401 256
632 764
246 332
968 348
322 276
397 326
442 849
39 657
957 142
317 47
216 190
880 357
368 73
95 142
575 688
636 930
223 906
848 140
207 369
430 464
32 911
804 741
398 626
516 177
865 497
97 879
45 647
973 741
600 66
853 272
486 795
268 426
107 82
126 498
545 398
295 835
421 644
577 342
546 799
801 814
80 507
842 146
311 245
496 602
61 494
780 92
369 984
236 532
973 609
456 821
966 322
571 158
534 6
332 682
785 540
923 650
216 994
267 174
593 8
533 199
917 88
719 812
903 85
390 40
820 661
569 659
987 236
554 897
418 161
882 506
868 697
358 591
159 394
200 377
711 690
893 331
734 849
769 371
720 271
375 555
316 730
134 335
925 112
982 131
837 900
272 964
48 622
964 942
835 383
51 396
986 241
894 990
843 856
838 989
453 537
184 154
772 507
526 782
344 416
363 396
734 685
477 668
818 760
17 415
606 363
256 773
450 583
682 298
576 825
278 305
669 544
340 106
415 376
17 185
386 110
373 238
807 188
412 958
306 153
913 903
127 51
398 761
519 903
920 330
687 189
250 458
452 770
914 619
171 938
905 884
151 808
305 32
989 86
58 360
405 5
193 482
63 761
799 181
413 538
354 725
270 957
898 134
756 246
153 453
103 377
415 381
724 747
295 427
426 534
505 843
750 639
987 347
471 106
222 596
854 553
733 996
20 113
940 194
561 819
194 828
380 23
897 273
702 476
742 973
690 872
855 38
597 835
368 582
241 200
792 232
721 70
958 821
217 871
364 658
990 618
76 30
596 805
725 647
318 39
488 334
954 567
308 341
575 389
526 891
378 133
565 159
269 498
860 813
303 183
83 399
87 732
684 969
660 628
466 509
131 382
900 670
408 921
833 72
670 581
196 792
51 55
662 597
184 404
60 319
297 155
638 709
126 552
843 128
754 605
835 804
840 666
537 926
525 197
839 997
473 660
202 506
210 801
129 269
427 544
875 942
420 363
296 665
650 584
604 279
804 241
128 882
96 38
737 980
45 147
489 25
492 1000
492 424
366 945
975 281
660 862
751 326
57 302
607 930
224 713
78 148
458 402
251 736
640 251
986 198
676 745
570 116
894 967
546 690
315 595
120 505
410 837
792 216
642 568
848 269
663 850
1000 216
233 719
142 659
332 5
223 587
321 316
798 830
503 44
584 358
158 409
752 760
172 283
299 357
946 664
88 720
188 542
570 936
937 491
810 123
557 734
104 346
532 492
958 5
863 498
811 351
649 136
78 882
174 621
378 8
166 241
633 534
597 179
598 212
911 697
801 350
239 958
184 432
166 320
286 773
343 876
342 641
40 513
867 290
317 861
567 573
256 725
982 960
951 307
734 161
595 285
795 303
31 241
469 868
991 931
614 346
10 572
766 353
986 792
96 83
188 931
633 578
1 192
664 896
404 251
478 812
284 849
893 979
345 677
550 832
2 682
884 138
261 431
745 196
203 656
419 431
721 851
427 968
10 112
525 911
289 943
355 698
188 263
877 737
695 400
613 39
579 107
800 652
985 640
507 68
608 425
661 401
55 998
702 359
685 619
621 365
323 438
164 882
256 621
220 854
114 497
497 511
523 481
303 265
311 786
138 431
62 224
356 762
543 883
89 6
970 409
878 262
781 721
477 695
973 530
664 838
248 673
853 76
543 768
303 111
251 278
221 690
277 640
925 576
820 298
917 848
294 689
758 458
372 509
783 471
625 263
580 781
164 20
40 26
467 61
984 337
469 663
149 777
522 262
351 727
62 798
410 827
359 200
254 486
419 15
221 231
314 827
978 482
686 83
500 930
598 815
953 736
367 306
884 968
421 886
818 979
724 881
980 475
124 581
823 701
915 668
51 854
96 238
354 990
836 250
323 969
585 446
825 655
718 194
793 169
150 638
478 923
932 548
194 985
600 844
394 183
548 532
307 337
902 39
426 228
281 543
873 149
466 741
51 753
497 182
531 699
952 356
399 43
25 587
368 535
171 184
797 388
730 985
983 441
973 38
402 908
890 547
428 696
713 798
860 731
21 967
463 698
834 58
483 88
946 672
798 641
87 586
824 124
772 484
866 395
848 130
869 532
746 480
640 670
606 473
633 605
14 466
157 894
407 33
249 213
50 478
714 777
87 793
515 824
558 638
467 251
361 924
657 95
16 353
204 500
277 390
369 749
479 178
128 262
538 285
425 527
728 899
123 843
714 122
736 414
936 176
629 77
315 29
766 302
801 954
420 368
538 63
331 791
983 571
34 494
896 662
591 54
301 63
336 522
228 520
279 668
619 329
547 180
180 939
254 252
651 210
12 904
724 191
584 143
508 383
272 613
718 222
186 503
479 558
449 591
710 578
289 998
522 928
355 613
724 730
356 286
333 422
65 520
686 666
525 808
261 849
391 722
608 482
223 459
649 288
99 761
299 491
816 735
748 666
671 856
635 776
837 776
752 556
878 476
937 398
350 853
422 70
62 41
872 213
208 64
497 272
260 244
78 791
796 454
28 120
145 188
950 859
130 520
965 280
351 218
613 563
246 36
47 189
784 533
602 260
756 146
805 481
662 618
424 667
300 751
190 687
891 814
984 124
88 49
605 532
201 886
365 142
175 334
21 220
986 697
645 554
979 304
698 648
311 143
314 657
597 722
527 699
328 301
291 163
55 138
292 200
274 815
629 33
836 909
858 837
383 670
262 371
961 697
140 795
345 991
534 463
257 17
6 884
997 751
283 805
346 435
936 601
519 430
742 61
910 857
158 962
140 633
859 883
785 884
497 918
9 434
337 109
135 310
506 940
531 533
589 311
720 426
668 650
280 251
780 568
377 449
197 666
294 492
715 82
635 566
546 93
198 840
808 940
842 976
592 771
226 513
782 110
720 103
259 613
27 449
998 678
399 448
23 558
381 672
511 753
96 816
740 505
317 408
65 167
899 930
761 607
557 878
562 600
800 45
535 655
437 912
921 783
577 189
49 964
517 286
450 541
821 570
606 288
862 206
648 451
97 833
135 655
444 210
728 93
265 993
857 895
490 368
610 1
663 9
829 225
545 589
452 820
875 322
775 608
562 111
391 347
908 71
608 657
537 667
28 806
223 937
104 575
36 376
989 270
496 877
188 531
858 635
573 586
141 820
290 110
310 149
292 672
958 513
53 868
989 642
926 178
532 77
806 548
510 719
298 967
137 451
545 462
428 582
87 323
177 927
947 639
893 391
697 100
237 99
455 172
972 26
425 361
872 158
321 136
971 513
982 71
674 908
678 317
648 783
445 231
1000 354
910 403
469 225
535 546
645 174
539 423
354 163
598 549
504 524
70 815
401 18
866 198
723 691
243 957
748 166
255 502
516 44
904 838
10 925
83 321
986 718
553 33
916 328
814 312
391 409
766 593
41 870
944 625
616 750
393 969
418 498
735 751
421 531
885 30
151 366
671 887
675 368
73 38
115 927
724 771
619 479
289 526
987 595
970 655
846 687
721 515
520 754
614 214
452 93
518 442
864 117
884 120
903 198
428 230
855 329
766 124
996 481
216 915
289 263
958 573
595 997
272 313
874 350
974 267
632 350
907 382
124 10
109 346
950 304
823 546
185 122
518 84
170 238
190 229
103 872
628 307
985 268
712 500
535 864
811 504
578 389
616 80
73 7
639 828
930 518
892 235
902 608
835 415
329 562
881 205
203 473
576 541
773 989
667 374
669 796
748 891
749 462
142 132
1 816
94 157
742 129
711 22
436 836
71 375
862 134
494 778
688 905
670 777
472 292
236 453
83 175
205 786
637 783
197 446
948 538
533 692
680 920
933 330
974 542
277 502
25 325
672 1
139 509
177 461
607 500
463 396
693 815
175 632
546 139
254 3
22 389
825 553
533 612
603 990
728 550
126 89
555 851
920 500
850 141
244 396
780 160
824 784
271 543
400 540
662 324
538 990
632 45
763 930
668 816
546 340
909 742
129 796
349 546
150 650
615 450
275 423
920 944
384 123
66 352
821 496
665 668
81 293
467 321
527 258
655 656
644 494
826 393
5 20
906 289
502 774
714 662
786 779
178 624
344 271
56 387
57 942
78 788
599 498
782 150
346 596
365 280
635 454
361 861
677 213
917 806
403 628
978 980
562 663
726 866
434 98
127 243
667 112
652 484
178 31
253 697
731 841
476 344
973 908
748 396
697 826
718 716
3 887
779 632
72 964
989 7
620 869
20 723
607 633
497 730
3 391
818 359
524 99
53 800
231 371
201 258
409 878
828 745
618 213
710 653
641 394
800 890
718 136
52 550
189 966
831 619
278 633
409 766
717 368
383 844
980 754
930 27
896 151
204 276
833 716
228 146
335 670
194 798
655 959
489 714
918 683
264 644
137 422
910 747
218 59
401 489
789 694
890 745
318 118
964 460
970 563
705 724
523 224
32 442
200 736
41 316
189 364
302 565
105 677
387 261
234 963
327 34
365 363
902 552
429 718
555 188
16 468
434 292
473 826
420 791
826 894
187 996
848 986
668 109
749 406
142 380
643 313
536 647
689 683
173 602
790 224
909 422
70 994
400 250
109 904
936 476
934 891
866 953
259 177
356 807
965 863
1 538
140 16
519 952
994 161
481 82
598 551
321 521
361 740
371 447
504 28
430 772
639 110
185 711
183 980
509 134
36 234
74 655
828 286
354 587
893 864
604 501
931 31
897 915
515 348
349 750
443 361
651 140
284 851
305 328
161 331
343 496
716 878
606 558
555 552
202 976
656 693
897 189
203 658
81 50
959 299
889 747
391 687
487 774
401 683
683 285
545 10
8 531
595 953
266 343
731 9
882 183
510 716
223 509
337 508
673 240
11 489
547 651
416 135
159 689
533 356
312 88
683 59
43 920
975 819
711 489
364 724
660 857
667 990
898 978
939 226
333 591
605 919
42 227
743 809
823 244
943 517
621 397
161 663
109 185
736 797
79 609
672 5
820 389
847 840
532 625
682 418
648 827
856 465
910 178
179 164
142 344
33 593
112 65
166 354
923 37
401 555
268 470
187 859
810 401
459 581
268 421
418 534
400 117
933 341
940 631
875 74
770 210
933 294
58 736
735 750
150 48
558 173
866 559
44 354
101 415
766 387
470 716
352 980
206 250
396 694
823 121
789 185
333 943
844 459
300 26
907 355
358 352
451 158
197 942
153 264
608 90
233 93
133 711
746 280
251 682
289 73
698 487
370 52
531 701
911 609
389 15
356 246
468 520
214 252
396 558
111 364
146 921
797 51
156 189
48 542
217 953
308 480
350 895
617 440
670 434
750 544
659 63
166 298
147 787
706 126
778 595
265 380
965 542
144 635
770 707
151 194
807 732
369 816
979 453
621 173
363 286
148 962
890 229
58 819
886 25
339 966
123 623
161 782
515 843
827 621
314 520
80 858
10 769
636 679
819 449
770 775
843 455
335 35
283 652
196 763
293 189
366 719
149 811
451 463
714 459
440 828
535 235
847 53
776 746
686 109
770 472
521 599
439 807
956 664
633 362
870 73
284 868
746 971
287 883
860 87
861 266
366 920
441 327
82 435
362 464
794 756
963 215
875 515
803 382
401 738
988 802
260 636
572 545
298 890
155 799
476 328
158 134
417 24
845 120
450 192
577 403
54 309
256 265
111 275
322 6
655 888
561 908
587 542
310 751
136 222
969 850
930 440
218 326
256 599
730 852
397 314
807 883
518 738
924 13
411 98
730 332
434 257
1 994
199 3
297 15
761 562
192 883
946 420
783 363
239 935
694 606
612 297
409 502
389 584
159 769
140 322
417 963
308 568
184 518
937 72
353 145
213 901
141 104
770 888
53 876
993 353
334 683
836 745
801 890
823 509
571 396
218 988
719 316
97 5
944 570
447 985
505 296
287 160
165 580
629 47
25 465
580 613
616 950
772 381
641 751
568 953
474 584
93 994
426 727
562 171
619 422
675 408
653 465
585 491
270 783
915 726
644 457
348 327
976 536
295 328
171 710
978 202
686 363
766 181
864 173
434 669
441 204
498 423
814 527
489 312
589 309
113 708
535 879
993 632
777 955
917 272
602 792
232 214
584 395
659 443
954 773
96 613
149 485
757 693
925 132
685 340
68 651
34 807
753 389
665 639
260 293
25 728
744 192
377 921
69 947
655 860
877 796
181 805
293 699
345 46
332 407
192 514
532 262
180 227
693 889
200 737
717 772
352 856
388 16
796 437
252 717
750 180
200 880
535 536
631 115
388 423
252 572
576 582
830 863
722 956
905 356
834 258
342 533
829 29
889 370
389 684
641 783
914 381
933 637
921 559
913 947
914 396
511 132
538 288
49 309
18 616
405 344
5 894
382 537
474 957
196 322
117 707
469 978
955 23
79 151
449 890
174 377
343 258
564 924
793 33
620 85
489 506
846 478
812 154
685 932
98 798
737 273
638 924
755 96
438 348
497 944
538 646
285 423
96 402
384 98
775 196
65 581
1000 168
138 155
177 631
629 686
792 180
77 918
719 539
636 395
674 168
323 298
507 89
271 10
972 901
878 225
29 196
603 227
397 608
920 647
540 752
777 2
189 780
910 486
749 198
270 65
627 662
576 644
973 446
575 478
873 762
52 953
861 701
735 132
22 593
723 708
539 282
762 802
744 873
818 720
670 625
375 277
948 371
660 559
888 884
433 391
930 821
951 989
292 334
790 453
278 297
156 653
766 964
553 391
574 463
23 95
814 318
88 154
325 845
541 655
249 905
781 96
109 934
400 901
697 881
59 152
616 895
84 829
838 226
453 128
480 34
98 593
733 73
955 51
405 94
153 493
559 701
391 95
49 140
713 229
876 599
716 828
309 754
883 277
450 424
362 876
989 385
572 687
441 155
522 340
975 722
525 607
33 353
920 39
371 839
797 383
841 619
704 830
1000 132
57 69
632 463
831 17
172 914
907 705
826 499
817 732
470 474
215 958
630 548
777 62
998 876
895 640
146 23
256 763
131 505
354 210
445 9
853 252
19 765
86 261
507 816
226 920
597 135
468 973
431 59
543 132
231 286
749 349
145 503
403 971
369 657
22 206
792 921
743 272
853 304
66 642
766 627
966 113
399 912
960 186
41 627
177 128
692 737
866 812
685 296
325 238
980 292
729 540
373 350
353 816
227 843
705 737
291 486
827 40
732 107
534 401
996 560
724 519
263 133
711 991
694 171
879 357
955 317
224 801
582 636
146 548
399 362
129 786
594 422
423 80
336 442
363 915
642 592
811 171
971 545
97 905
481 829
704 904
137 25
69 990
109 461
627 304
60 759
8 266
192 551
964 633
986 209
72 886
588 189
344 763
575 278
622 855
809 858
485 61
886 856
373 827
49 989
674 660
503 380
992 747
807 592
212 494
50 449
32 860
767 348
640 923
1 643
818 162
2 380
835 808
876 68
914 425
420 34
905 698
361 526
955 103
587 268
329 104
68 387
378 551
362 224
913 752
36 352
805 802
516 427
844 776
585 451
814 80
11 805
874 327
625 776
534 450
348 209
721 585
993 812
620 517
508 303
290 214
788 329
119 647
488 835
875 593
586 516
915 582
458 935
864 174
330 869
196 110
707 808
546 374
530 787
568 463
10 43
985 575
108 954
90 221
225 503
238 77
60 949
349 844
873 850
581 545
198 847
900 502
552 825
76 175
919 869
170 164
8 343
69 946
530 580
473 493
112 16
223 185
43 975
47 911
604 740
333 570
606 305
511 835
493 820
204 809
874 965
925 711
179 477
44 933
830 860
506 176
198 154
127 256
516 75
458 63
69 462
114 909
390 840
654 908
670 820
31 590
503 541
910 899
217 428
933 46
956 897
335 452
211 202
748 99
110 256
35 408
188 234
786 685
619 214
602 936
490 398
315 233
79 112
174 156
654 618
362 196
609 910
993 656
587 251
336 582
758 985
619 389
272 386
628 509
646 756
760 45
374 833
983 877
839 879
879 300
71 931
534 345
183 357
167 672
760 924
387 864
671 278
548 365
811 981
833 829
579 453
232 64
534 699
721 992
522 147
355 702
798 124
746 437
109 371
56 769
38 945
298 962
85 506
565 896
158 366
513 877
20 267
225 979
155 740
281 801
722 454
655 179
687 537
278 94
159 832
308 14
368 273
60 703
800 878
764 407
583 685
22 743
403 355
879 819
852 562
856 693
378 185
212 214
291 706
460 882
978 888
837 971
143 658
327 145
312 662
443 636
674 732
877 323
494 877
320 16
801 711
884 528
497 66
904 728
581 464
448 244
835 992
305 861
213 956
770 801
643 53
883 728
844 626
666 382
353 73
26 209
743 380
73 90
36 42
255 166
981 656
364 665
447 1000
139 291
947 608
895 406
438 253
996 831
617 550
763 864
989 854
305 136
288 797
560 898
385 129
191 387
379 629
698 131
898 449
21 414
538 872
388 631
871 988
779 609
54 222
7 812
924 880
750 326
560 462
134 177
910 566
345 464
643 921
23 922
692 362
311 69
982 85
679 92
406 960
265 384
633 255
332 472
8 510
597 420
85 240
919 627
818 610
319 563
658 507
734 662
633 162
866 374
897 520
445 121
623 598
516 124
373 983
698 837
468 61
662 573
130 322
57 738
4 319
26 275
390 784
523 973
763 448
430 497
804 262
37 177
424 202
957 480
463 107
175 295
92 49
113 156
305 970
657 381
452 783
809 330
597 683
657 270
844 884
577 599
563 740
12 166
733 172
954 299
940 778
82 30
11 998
927 28
785 755
825 574
958 738
826 935
529 758
985 945
270 595
426 531
291 285
833 741
729 843
135 351
211 909
421 60
453 840
555 272
134 157
564 482
566 176
380 131
346 31
73 893
66 494
32 290
164 807
626 246
807 15
440 199
497 42
649 437
891 230
623 295
609 893
994 741
578 484
639 733
570 512
476 791
810 19
260 240
725 484
913 282
787 769
293 72
22 542
98 240
510 482
286 899
639 563
697 748
348 584
278 359
338 562
759 937
929 345
952 926
921 593
64 46
190 546
943 224
72 745
324 261
363 26
588 721
292 22
442 487
811 404
170 950
984 414
255 233
93 222
482 599
746 760
712 552
141 328
935 886
292 244
979 18
470 667
254 34
491 924
774 579
723 25
796 769
340 591
567 152
128 887
182 190
594 214
244 483
332 476
945 896
824 815
145 824
831 381
831 404
997 892
157 357
530 897
965 478
475 78
292 648
168 886
595 817
924 649
651 67
251 743
915 950
223 629
295 168
409 541
375 862
930 158
855 80
358 520
668 565
963 979
693 230
167 195
760 573
907 520
485 492
802 318
735 396
481 969
906 448
485 637
734 588
327 398
402 99
574 917
385 855
578 456
699 582
605 801
532 489
422 241
868 257
247 836
910 42
549 682
680 535
218 634
700 714
334 888
958 278
83 568
467 345
394 993
373 129
456 966
607 117
865 638
969 648
697 848
19 613
773 564
667 81
529 80
805 227
218 783
700 415
403 883
226 274
814 147
488 990
567 937
18 614
991 537
595 288
983 665
340 653
782 604
144 400
680 226
720 959
257 855
868 756
922 163
245 264
706 778
709 121
505 699
586 244
516 543
205 650
368 714
561 434
692 86
91 497
510 917
196 467
142 780
492 954
332 531
168 564
421 814
984 950
441 381
776 898
137 660
284 989
711 934
486 415
90 924
842 655
873 19
450 356
162 144
663 796
271 999
733 600
14 911
225 865
545 450
817 786
211 818
693 250
894 597
826 477
152 644
246 676
670 202
69 917
531 896
329 824
755 478
756 909
351 491
498 909
137 161
998 838
126 937
386 576
350 785
784 160
977 569
192 671
728 449
765 818
199 52
240 171
703 356
597 225
464 547
178 154
985 71
568 473
342 964
53 543
751 616
8 176
909 374
657 229
783 429
931 118
532 739
992 660
147 583
22 945
597 963
93 356
278 158
596 141
600 72
385 78
454 319
704 38
460 868
779 564
139 469
608 706
461 546
408 402
10 586
893 575
912 98
326 916
607 557
40 317
78 34
334 387
373 423
67 516
31 502
864 9
449 790
945 968
450 422
121 55
625 928
93 714
702 712
242 714
292 704
276 205
115 479
635 660
279 970
603 434
417 113
203 512
424 819
721 963
284 711
259 899
849 277
134 321
730 930
250 55
470 105
308 124
471 640
151 518
962 241
29 166
221 862
38 188
845 260
647 530
716 934
778 719
708 524
820 70
761 510
28 17
726 120
88 828
109 154
626 260
840 902
127 330
37 94
661 884
520 120
294 839
562 751
265 579
359 295
518 999
153 866
605 444
17 179
992 559
939 796
617 898
361 528
32 528
477 90
130 20
443 71
707 754
555 497
693 811
168 494
131 738
153 94
634 673
145 437
234 83
55 67
650 379
794 465
214 736
305 260
803 5
897 984
578 799
686 338
675 223
253 55
437 176
366 782
522 374
560 141
445 645
585 302
768 986
822 13
469 617
842 711
426 306
464 129
229 143
565 805
90 199
54 298
59 576
816 837
656 926
161 16
504 234
699 528
973 145
223 310
377 898
837 866
354 581
497 41
19 244
726 186
53 260
881 387
147 963
26 688
191 394
907 973
947 808
30 524
479 773
403 666
856 366
599 398
839 415
455 406
94 210
350 120
443 566
255 293
438 719
709 576
912 494
107 242
109 928
671 732
982 591
110 35
820 812
147 703
350 293
978 754
466 286
272 107
993 471
955 700
802 695
92 283
171 908
236 602
845 580
619 411
289 714
435 884
611 719
998 61
656 318
784 259
162 427
471 151
723 374
281 271
621 831
973 917
717 364
76 628
348 497
530 393
480 697
228 783
121 697
566 115
15 747
732 367
66 19
464 109
923 918
233 800
622 330
698 410
203 968
901 263
78 440
377 813
11 449
518 366
864 637
792 202
578 295
308 468
886 596
103 940
493 16
441 653
138 599
69 833
237 11
918 243
42 11
908 730
969 988
329 637
442 836
207 580
777 453
213 211
363 330
99 212
219 979
683 423
252 942
71 170
75 175
335 337
852 877
47 461
875 324
308 543
443 816
634 37
67 892
194 296
515 900
718 701
31 878
987 684
610 397
940 542
813 296
761 15
689 794
637 932
603 892
254 460
383 296
922 353
368 507
196 333
625 857
918 156
371 161
667 924
337 273
724 859
534 486
103 302
785 553
384 206
936 939
974 231
520 682
6 853
944 406
798 305
917 15
712 946
945 935
894 414
110 489
719 849
402 625
310 878
737 434
629 580
685 818
869 213
301 553
428 475
327 553
647 506
315 629
971 626
51 667
74 792
536 13
868 994
261 220
9 179
372 335
655 780
802 464
734 783
645 304
309 192
920 795
834 929
82 954
321 274
933 143
716 445
423 419
616 121
486 499
377 555
817 774
126 942
324 786
570 598
521 10
977 568
191 450
820 18
469 236
326 303
454 880
860 787
296 366
499 873
347 949
658 36
52 811
592 288
810 379
350 48
354 47
47 17
297 136
748 163
255 509
516 41
936 295
882 550
436 144
230 565
287 438
658 198
576 835
792 896
102 499
174 988
468 249
514 393
537 600
41 873
650 857
689 949
362 151
736 392
794 3
245 378
248 210
585 245
123 786
197 231
705 209
455 819
24 675
888 418
67 519
750 776
841 44
969 673
988 133
1 156
499 112
834 236
335 657
883 278
91 443
647 56
671 182
270 629
436 869
733 921
384 968
100 266
466 588
551 941
134 183
910 564
33 64
161 11
151 185
533 275
313 176
760 519
838 810
52 203
324 592
143 60
419 828
691 564
747 912
108 674
949 500
863 274
534 790
761 824
265 279
104 265
677 474
512 340
859 175
682 96
27 317
857 254
565 309
640 660
700 540
79 577
170 303
423 723
654 117
910 227
349 107
718 936
113 303
723 594
498 739
486 732
431 181
605 522
786 484
187 657
872 446
579 679
568 724
415 421
519 879
666 289
367 923
904 758
766 630
474 374
365 883
866 952
370 656
774 714
997 531
547 348
92 423
935 989
196 719
427 586
249 644
469 919
222 689
480 432
751 477
525 670
908 362
710 666
888 156
177 321
270 678
54 9
489 972
721 925
719 702
45 475
397 882
659 229
370 84
52 312
364 634
860 407
170 207
333 305
336 219
63 408
377 897
378 426
554 361
38 846
792 286
813 939
744 119
191 292
319 883
178 581
14 231
513 708
369 246
385 841
796 429
344 276
911 908
421 176
622 562
722 837
544 429
449 175
161 595
71 48
359 994
761 566
687 794
230 915
422 813
416 655
936 342
115 781
260 784
173 625
299 826
602 689
403 1000
503 683
415 325
736 594
365 710
738 32
776 477
157 560
466 287
763 830
892 825
456 281
358 403
883 658
867 801
206 485
44 512
61 446
743 134
999 24
340 363
827 875
168 316
776 571
228 756
90 757
177 501
24 667
447 699
183 237
746 31
409 848
393 635
84 598
175 889
513 346
418 30
951 232
333 933
996 471
543 34
320 332
641 62
262 38
689 266
928 718
285 479
347 404
722 338
392 411
673 894
817 226
238 80
419 662
132 453
578 693
657 806
207 944
750 94
555 28
830 406
377 526
285 771
804 344
414 697
649 807
610 612
576 700
739 856
977 979
852 537
711 294
587 284
34 628
769 975
165 206
757 612
886 776
882 675
791 767
978 802
960 313
330 995
762 893
583 121
545 645
576 969
451 847
684 871
403 772
151 98
580 784
235 53
401 731
481 424
960 229
211 45
943 996
103 75
953 860
127 833
593 997
102 129
563 689
641 719
473 146
21 165
546 580
728 671
33 639
675 440
287 934
56 712
625 809
738 520
850 78
928 780
11 32
193 901
488 787
486 258
953 431
789 17
665 483
208 402
170 192
896 217
536 368
920 207
816 32
599 815
506 970
821 273
315 923
424 857
556 34
428 429
15 383
509 694
275 482
26 932
996 184
543 693
307 949
53 89
204 27
423 891
246 698
543 602
566 208
51 440
858 40
731 298
754 73
536 812
411 768
433 840
660 725
530 715
882 997
833 239
429 668
263 944
274 395
39 649
218 47
113 258
4 183
557 989
905 388
30 871
941 596
142 349
883 959
562 344
501 92
213 968
364 484
572 257
610 76
224 511
481 173
321 639
305 850
110 991
93 147
594 600
386 53
784 896
107 475
53 977
519 552
596 109
527 761
456 416
684 760
462 250
62 912
158 723
430 916
452 52
144 269
642 4
680 367
585 218
775 864
387 931
245 667
194 671
525 377
432 8
733 246
951 163
206 110
484 372
326 711
276 88
832 600
417 134
475 904
969 30
439 621
547 844
986 308
772 943
258 833
753 496
418 411
829 955
975 877
170 697
108 524
863 652
830 479
958 144
320 516
7 604
229 988
530 395
931 947
53 302
256 576
422 93
540 720
583 658
751 680
554 404
22 646
886 961
172 504
173 874
544 386
856 660
109 152
769 823
498 657
463 929
688 673
467 418
757 973
574 141
614 846
264 312
856 434
50 473
201 835
218 675
662 560
387 434
300 657
250 240
801 377
965 558
408 722
316 491
926 884
28 471
894 14
486 831
182 516
737 851
22 189
689 976
709 285
693 952
70 201
348 939
679 801
991 595
680 188
849 511
757 434
46 273
385 113
918 837
500 828
104 637
799 66
586 925
185 988
183 313
906 772
769 4
609 325
292 663
766 68
615 363
438 462
110 613
860 370
183 479
24 124
498 15
445 756
872 256
45 474
391 754
910 614
983 116
90 197
641 243
254 592
901 289
703 917
389 477
194 167
895 997
803 579
705 593
885 963
88 589
512 255
273 717
221 783
63 786
393 244
514 1000
622 121
290 596
39 371
42 21
707 285
88 875
855 278
859 502
109 235
570 527
256 731
472 121
60 320
5 321
456 941
737 556
735 105
203 328
869 787
602 702
396 209
535 326
957 400
288 569
161 813
736 595
553 99
308 859
975 173
832 85
135 986
905 783
148 551
558 759
134 28
581 183
913 645
845 578
853 931
140 786
534 454
178 122
724 944
721 898
141 696
401 935
309 310
244 285
82 400
267 238
57 481
629 622
119 560
634 788
428 315
836 72
52 511
215 29
327 583
664 249
582 751
380 51
199 687
630 983
208 100
817 574
129 540
190 167
100 176
462 827
467 655
284 11
484 678
46 844
698 346
365 357
169 138
544 458
946 498
730 301
717 609
352 955
994 486
887 401
356 719
322 555
506 188
531 293
571 848
399 100
751 730
804 714
610 169
294 540
922 797
321 634
639 310
107 97
783 616
951 666
59 258
972 903
870 947
932 229
199 550
572 92
81 735
214 951
453 151
206 369
451 394
514 116
515 309
495 861
988 298
409 898
727 518
358 495
965 157
383 520
6 843
945 929
672 871
693 515
831 437
723 276
431 795
31 317
441 243
704 679
501 931
524 498
798 209
637 87
215 33
570 16
826 134
510 615
391 371
920 649
150 148
472 582
532 84
772 603
522 110
209 281
998 539
68 724
753 420
219 320
241 136
983 258
397 667
125 630
290 557
833 339
55 879
939 216
963 750
161 312
570 596
846 593
18 394
866 366
23 263
709 996
568 476
491 511
478 11
977 728
47 114
360 742
628 891
41 77
98 38
372 147
299 773
345 806
13 15
571 749
202 88
867 326
944 921
211 234
785 207
917 570
719 322
358 222
106 783
303 683
435 611
900 575
45 928
486 114
415 50
309 987
440 806
983 559
125 259
895 355
665 220
184 866
907 844
659 826
56 741
915 290
736 71
845 923
883 280
813 189
707 966
474 303
920 189
958 597
673 987
945 862
929 433
824 601
487 979
274 451
975 590
428 259
267 903
587 778
744 688
133 850
725 904
46 801
90 145
509 601
481 788
962 349
657 745
51 614
846 576
147 59
997 373
341 643
324 993
751 826
368 305
542 355
35 907
90 290
331 20
332 299
939 341
121 759
892 339
430 363
199 21
58 881
47 161
984 249
912 630
457 351
972 362
652 616
672 406
95 378
867 277
28 417
766 997
433 311
363 50
573 91
197 423
948 737
788 894
127 58
24 995
210 818
125 157
861 241
645 720
281 101
580 527
871 56
219 945
737 60
793 962
562 129
332 711
314 86
560 930
907 215
504 312
862 999
349 720
647 137
524 340
708 393
67 259
582 486
642 779
148 64
778 219
453 161
923 798
660 219
661 142
186 366
295 128
341 962
802 52
987 112
129 902
29 101
949 52
332 26
247 425
375 148
57 213
459 153
887 249
557 819
543 541
62 315
288 15
472 860
612 48
960 561
961 488
707 284
377 737
288 126
345 67
904 88
527 94
416 786
255 337
554 24
424 509
298 474
446 594
839 41
507 576
145 69
38 264
701 200
939 607
135 678
597 23
744 565
247 898
947 120
668 580
959 737
175 342
412 612
749 717
951 689
205 815
630 112
842 156
211 162
947 278
88 582
435 554
535 39
3 238
170 837
490 38
219 620
535 148
629 41
841 25
664 697
257 248
524 960
304 189
488 938
513 303
714 376
864 69
900 789
172 124
814 823
124 645
254 768
419 111
538 829
297 905
690 592
20 492
569 609
660 264
954 45
685 971
588 357
779 138
509 831
756 352
104 903
91 131
474 57
627 501
76 341
828 804
354 595
158 375
750 493
517 820
664 408
61 600
560 281
863 264
483 186
692 302
930 359
74 965
754 35
447 608
868 47
556 672
247 34
270 111
329 657
853 206
468 812
385 60
640 687
74 679
679 326
825 248
316 872
243 824
62 348
265 702
51 237
145 144
888 862
430 339
179 81
930 811
1 881
402 400
791 878
500 403
526 489
680 825
936 451
842 974
796 887
818 923
505 492
420 67
645 630
800 481
913 838
737 922
558 152
390 766
597 766
430 783
287 130
698 551
554 707
224 162
650 898
15 788
740 369
144 291
953 723
36 273
922 222
941 18
924 104
695 39
182 158
944 393
965 301
452 240
509 993
655 488
286 585
31 316
604 18
128 117
167 812
557 228
430 266
995 126
950 828
669 347
410 942
358 552
108 923
713 527
740 208
99 680
704 838
506 682
995 901
459 208
486 461
726 374
109 400
259 585
702 255
904 306
868 195
122 27
468 721
933 905
237 492
759 131
80 297
853 226
787 204
556 195
293 443
520 497
227 443
688 647
39 536
273 208
662 554
100 745
66 521
476 360
847 651
259 146
762 113
835 999
969 313
128 759
737 821
439 531
805 114
288 721
809 337
983 187
924 753
448 919
876 431
718 446
82 164
182 672
582 217
840 264
24 725
645 925
798 385
271 515
552 299
880 648
668 949
962 662
745 286
584 156
353 182
159 350
91 444
550 869
385 309
684 431
297 961
184 718
513 49
271 801
264 561
120 459
228 793
802 17
452 394
864 986
557 345
726 432
416 331
968 872
328 519
897 662
902 175
775 439
263 611
730 942
860 573
313 294
425 316
360 775
177 887
950 554
114 266
846 619
260 394
891 78
431 483
48 962
968 725
164 750
759 79
706 121
640 663
970 418
109 150
346 632
511 774
402 310
43 552
853 754
139 809
199 933
438 743
596 463
248 565
779 546
670 742
286 827
485 996
658 150
734 437
749 577
312 550
667 108
904 874
300 659
320 113
598 388
411 298
711 569
684 809
520 858
373 244
610 393
533 700
400 72
735 698
663 73
758 201
761 91
304 436
766 708
767 21
516 445
370 685
257 796
780 122
175 512
287 90
969 303
644 537
642 467
157 634
544 445
309 687
71 832
366 560
627 126
371 154
903 141
82 27
376 772
174 443
712 894
875 730
876 324
846 489
479 640
564 858
727 446
950 91
777 47
115 14
924 674
452 351
806 698
864 887
2 538
955 416
704 736
673 855
638 809
660 75
589 155
519 240
251 828
877 957
364 629
492 578
609 918
494 144
5 139
78 467
617 355
467 772
599 55
967 947
754 60
424 561
260 479
190 24
66 26
320 433
235 625
271 249
406 592
50 605
670 401
912 693
167 393
406 368
445 177
948 130
36 580
660 638
700 547
849 609
13 884
765 879
126 711
1 788
771 105
403 636
729 740
425 980
669 617
785 116
903 668
616 624
56 499
303 780
198 820
18 748
60 23
766 510
460 857
726 580
895 119
148 690
832 87
830 742
120 873
709 511
413 722
451 515
280 942
453 177
206 283
597 586
926 624
802 546
430 867
651 267
135 250
505 531
750 967
742 71
451 206
659 885
841 890
911 773
466 834
51 997
475 69
805 874
513 121
642 927
931 148
21 322
884 350
261 339
600 781
822 156
881 752
533 487
793 394
426 165
270 338
109 282
306 692
792 206
976 91
225 969
215 722
351 791
238 177
789 559
890 608
737 376
513 549
147 995
406 636
100 769
543 897
303 236
180 153
94 291
259 266
5 274
523 733
853 190
800 38
937 43
485 858
179 35
403 390
772 52
207 497
152 873
653 759
981 218
832 287
329 323
917 834
701 235
169 426
814 442
799 674
835 893
395 600
107 210
491 51
528 244
630 703
672 334
191 878
993 390
386 44
957 291
598 575
106 809
178 394
783 492
399 982
75 542
793 671
921 338
343 565
282 743
463 332
7 797
395 228
182 236
793 953
6 958
119 835
466 577
522 240
107 687
6 33
331 935
940 975
281 382
46 702
396 537
514 509
680 404
55 308
684 452
206 896
693 434
890 701
882 461
646 776
208 292
409 595
785 918
