990 1131
819 398
30 396
825 240
859 641
974 688
464 319
319 883
503 573
388 846
765 491
856 968
370 563
35 350
821 337
843 851
923 726
812 725
690 768
713 812
849 636
132 488
577 267
200 693
460 531
70 510
654 844
369 857
335 722
330 890
404 631
828 26
77 852
513 799
640 703
987 3
273 804
163 581
252 69
878 171
135 654
603 377
748 289
526 944
234 552
324 146
702 574
479 538
573 22
354 291
977 311
425 114
5 906
923 322
924 904
469 210
490 380
115 933
891 215
605 380
332 532
784 458
111 84
340 155
333 164
650 358
57 742
105 560
329 156
46 390
322 575
621 167
147 12
521 588
834 990
511 703
274 545
608 540
167 84
611 687
917 47
743 832
276 982
789 448
772 648
542 425
304 349
539 858
899 365
684 838
265 18
685 402
447 858
526 413
952 577
169 659
109 170
216 106
789 85
158 108
760 403
764 836
661 896
799 420
692 223
111 223
488 575
950 686
561 738
535 110
382 906
321 870
48 536
272 530
626 321
154 783
607 93
162 275
970 97
401 636
544 214
563 219
859 840
608 205
68 155
239 627
358 155
677 695
662 351
7 502
279 626
31 71
794 824
947 161
839 783
880 82
648 780
694 785
973 579
809 560
43 573
518 451
460 191
2 86
505 257
913 215
127 926
475 425
642 597
665 567
307 159
680 984
676 793
715 165
656 649
512 265
498 877
482 192
729 792
726 901
741 506
811 25
835 36
595 766
793 791
171 426
544 757
600 892
681 323
459 503
964 684
537 558
576 797
493 478
213 666
549 99
329 967
216 158
352 664
525 588
726 397
347 405
666 512
758 879
945 851
223 485
178 511
455 639
236 849
986 987
637 356
813 923
112 684
467 300
711 420
28 785
689 617
102 971
6 316
428 149
955 825
555 860
103 932
116 519
729 251
117 805
457 767
621 542
118 415
393 241
29 358
951 350
654 632
243 444
378 300
923 661
631 348
91 913
42 678
601 921
464 651
729 135
602 703
836 698
877 956
934 854
842 23
961 745
765 421
624 205
452 271
634 405
260 462
347 303
569 440
735 58
675 936
960 843
732 244
417 6
552 967
541 825
576 360
807 759
901 399
503 260
652 193
694 177
150 858
404 513
570 828
560 828
549 462
684 513
598 615
766 952
92 699
309 171
569 124
309 908
281 515
202 131
826 825
116 887
689 659
544 122
519 379
936 192
644 657
358 533
608 181
179 792
473 635
339 131
32 14
229 129
583 200
877 196
418 903
881 101
818 685
861 189
559 770
907 936
933 561
890 285
247 317
832 369
408 609
177 822
957 493
858 810
485 662
365 73
276 379
350 504
378 88
888 584
420 105
259 635
286 410
336 254
398 89
145 840
61 85
12 83
727 391
708 26
782 541
738 346
133 700
55 749
44 9
91 131
888 457
267 810
222 666
362 912
753 75
902 384
185 569
64 689
159 502
611 409
736 805
857 769
775 49
559 143
550 221
308 790
716 975
615 149
653 546
366 816
76 18
222 636
827 242
335 128
817 939
276 763
53 937
869 193
878 212
53 492
165 835
606 613
937 465
513 728
681 33
986 801
174 510
652 621
582 860
605 383
320 813
905 553
46 776
12 671
644 534
552 359
206 148
826 327
875 740
43 189
970 579
764 774
927 385
959 956
260 298
559 440
317 573
614 829
851 356
114 805
475 413
835 392
595 751
301 957
170 848
807 726
4 48
134 527
274 353
24 478
469 244
210 940
925 467
70 203
499 932
518 673
34 75
452 679
182 709
222 776
833 882
361 951
794 388
776 647
160 201
108 636
183 248
956 936
743 648
537 796
480 764
351 732
678 387
596 313
485 101
41 788
282 378
22 561
664 709
393 9
343 130
44 351
497 281
148 232
720 405
510 89
392 900
367 830
125 411
655 172
178 813
168 44
982 820
446 308
271 885
822 976
304 439
666 767
195 895
458 725
459 815
310 747
487 533
603 161
28 519
947 926
563 136
490 488
642 509
982 746
611 748
531 582
258 704
426 407
596 934
934 746
423 673
383 529
223 411
401 24
835 489
344 557
261 200
63 34
315 964
518 49
13 704
350 315
274 448
104 259
135 10
127 164
932 946
569 403
321 952
784 407
590 838
323 703
156 65
64 511
673 285
784 531
982 814
909 657
776 170
135 521
943 150
972 404
846 31
169 65
329 221
418 758
123 946
371 772
199 359
494 525
106 280
607 396
636 610
843 890
281 699
325 634
670 624
570 234
590 233
752 519
659 213
905 685
263 78
206 639
892 953
523 862
715 423
987 280
275 100
676 920
823 637
721 159
966 227
150 843
30 254
17 528
275 33
530 875
385 673
867 485
260 733
758 787
196 774
285 755
545 26
619 812
736 116
225 46
907 790
713 985
228 132
630 40
604 91
274 594
521 818
389 865
217 342
171 425
33 363
894 339
757 608
616 622
83 176
827 716
197 556
420 647
348 879
764 52
485 122
716 318
10 576
470 843
593 77
910 457
455 681
641 318
274 884
269 374
555 295
283 755
98 399
554 593
219 629
715 191
437 225
649 675
412 457
541 885
167 567
857 410
249 914
376 525
946 563
168 880
631 344
919 914
136 260
686 170
38 861
886 404
544 569
814 868
446 642
640 562
735 876
620 434
919 462
42 142
836 793
23 623
320 703
20 709
350 850
446 761
872 290
584 697
256 62
414 210
736 378
649 372
284 867
795 312
733 698
305 288
218 930
191 804
200 648
794 982
944 958
900 981
885 177
809 90
196 868
104 429
385 377
524 347
764 560
843 629
252 783
413 983
263 159
708 867
359 785
867 689
970 736
493 799
400 301
214 117
295 303
783 844
266 527
973 652
400 740
942 231
827 787
570 66
272 641
78 76
566 585
180 188
677 800
344 972
689 625
612 459
578 890
937 442
734 59
88 787
76 833
118 493
853 988
964 228
54 239
580 186
429 636
145 147
962 588
971 78
371 736
445 843
145 656
793 75
555 51
966 692
180 314
471 222
124 172
220 478
858 439
865 560
916 948
18 710
442 741
52 541
808 147
830 927
435 534
637 750
38 460
766 466
879 550
126 981
681 753
909 598
132 924
567 214
660 534
392 952
151 232
284 233
596 864
447 396
649 126
778 1
67 647
986 717
314 339
47 92
90 949
800 256
746 646
604 777
228 795
891 719
626 573
185 780
703 658
946 840
475 421
778 214
106 771
38 956
548 704
770 615
305 37
178 301
640 320
137 468
489 789
98 384
25 102
772 762
171 122
753 291
769 518
548 515
129 743
450 47
538 635
376 491
935 509
486 80
550 805
837 41
199 878
850 438
577 278
451 182
909 515
727 796
216 245
18 78
699 83
335 431
611 872
323 14
552 150
233 466
545 11
965 733
327 290
206 416
949 473
947 786
89 62
10 618
231 748
112 318
386 43
587 758
33 75
346 808
681 651
505 353
146 105
304 471
456 240
794 307
763 771
409 282
17 265
405 793
62 14
692 885
836 975
882 465
762 940
285 27
688 310
386 333
507 401
572 833
367 242
351 84
335 430
900 628
194 667
746 988
737 404
143 940
445 70
558 241
875 225
865 375
159 528
61 532
103 295
45 208
541 380
980 605
900 250
259 73
631 783
779 341
393 530
379 284
365 276
277 217
342 554
779 868
10 484
277 96
883 176
635 975
412 535
635 838
341 676
452 950
43 654
881 951
223 276
425 485
579 709
535 761
44 763
755 245
773 510
711 888
441 19
617 673
106 49
78 467
499 199
2 299
771 843
833 785
694 608
78 364
976 149
980 38
131 240
395 111
780 503
797 773
678 958
582 837
683 800
57 837
33 763
733 586
241 600
718 200
358 739
642 640
829 61
345 251
800 684
601 143
71 144
455 151
473 329
924 179
759 83
110 817
544 376
286 718
586 794
341 194
914 973
161 870
866 729
650 922
895 84
766 804
466 845
205 255
792 159
212 730
747 305
372 729
298 708
260 787
432 137
646 518
266 431
756 643
326 598
414 255
251 706
313 579
469 493
262 238
791 196
446 172
902 841
469 943
804 547
508 651
453 6
746 819
896 260
614 159
947 731
323 517
917 914
224 361
680 328
144 26
404 261
713 293
660 292
837 610
133 387
322 591
780 399
837 311
110 560
980 344
114 741
19 49
126 631
705 497
258 310
901 186
65 583
666 327
344 374
116 676
636 887
362 297
936 804
259 824
962 302
99 569
337 297
944 287
214 118
342 239
101 652
361 419
575 16
20 427
618 812
357 285
237 323
884 805
642 984
70 593
874 406
312 533
679 655
228 116
419 300
534 77
538 214
375 98
386 554
463 276
202 809
59 842
708 216
527 115
488 443
343 909
378 89
456 931
671 616
610 796
174 389
215 121
386 638
905 470
813 528
595 933
715 663
835 114
144 752
870 62
280 566
243 544
985 161
515 337
417 734
403 330
672 826
717 735
45 130
66 8
845 259
639 580
589 546
114 251
888 33
5 910
246 964
95 141
330 27
963 622
17 509
287 867
423 777
400 525
622 168
712 153
735 69
760 327
771 845
131 87
354 578
716 934
478 427
26 231
202 756
331 78
564 786
971 162
5 385
827 98
870 634
110 407
771 142
11 650
98 174
235 1
677 715
766 297
773 587
639 730
731 208
478 604
782 122
732 91
553 229
380 903
850 714
584 101
531 606
635 524
136 430
723 92
629 864
594 322
52 706
365 58
98 308
675 565
510 93
302 725
650 90
43 402
852 800
854 159
816 146
155 406
740 701
50 320
717 386
698 334
887 558
665 231
651 759
266 14
4 54
646 177
859 451
282 825
623 118
678 50
878 799
674 22
990 309
729 658
435 559
81 160
385 430
613 376
979 51
377 578
979 514
618 462
586 571
29 110
147 567
296 155
178 737
188 18
431 909
525 369
474 233
26 556
22 612
953 480
498 262
499 738
375 367
791 225
388 597
488 880
963 219
879 536
78 165
252 688
222 553
895 965
907 604
866 724
971 353
239 423
647 874
814 14
192 853
791 621
823 952
831 161
471 36
220 191
880 536
954 855
509 639
569 614
403 78
806 286
581 462
319 123
105 299
385 876
312 258
12 112
817 336
158 88
17 868
43 109
