992 1784
804 329
509 477
868 593
485 885
141 264
53 166
18 597
609 990
73 429
23 804
553 406
348 99
778 155
654 745
384 918
96 416
176 70
545 144
26 208
157 421
715 740
53 981
763 333
411 208
674 726
143 521
809 504
261 861
614 325
179 221
521 265
595 591
527 105
752 814
532 401
787 111
410 631
430 185
373 324
742 251
505 745
20 596
624 27
911 541
491 20
862 37
302 619
658 880
54 507
87 353
115 53
689 819
228 393
571 652
720 919
943 627
450 325
811 836
443 277
192 761
617 245
379 198
605 470
823 78
753 579
671 735
781 646
896 586
968 583
350 548
554 256
384 332
390 787
608 376
481 613
963 435
414 31
471 248
453 413
3 578
102 956
74 946
55 163
616 49
62 825
13 160
567 772
878 522
78 343
228 64
67 824
548 198
988 29
532 811
650 889
743 723
819 374
88 541
618 253
529 841
349 582
27 84
820 629
401 308
419 213
58 383
461 850
260 950
485 279
982 575
343 807
752 76
658 951
227 119
173 588
233 156
658 255
38 397
538 807
71 669
146 908
535 139
761 870
672 706
300 389
926 540
695 268
935 168
118 921
816 560
446 896
293 941
223 977
192 138
107 175
639 675
164 32
427 296
319 339
363 253
188 480
694 84
877 268
861 903
989 56
803 820
136 85
844 413
284 552
575 287
518 32
739 30
333 294
419 123
750 903
421 367
558 85
245 678
968 761
73 333
473 624
922 951
155 473
458 737
224 297
172 22
372 827
77 730
514 546
793 617
918 574
545 556
768 83
571 556
204 818
133 943
909 608
265 837
875 114
451 177
376 475
410 694
456 990
492 920
180 890
716 92
406 634
711 293
897 903
221 569
973 949
654 302
302 864
514 856
929 637
961 759
984 656
288 427
129 840
595 941
727 525
151 984
235 749
914 854
772 422
310 230
257 490
731 980
740 798
136 318
45 412
104 317
201 792
509 719
99 559
210 35
411 942
860 470
736 167
39 670
812 926
562 402
430 599
416 130
609 963
557 547
586 568
290 109
387 103
82 852
801 27
933 464
518 220
117 546
29 929
360 989
242 84
926 192
530 226
380 797
936 307
904 446
957 684
650 142
356 760
32 798
959 233
107 195
822 206
667 616
801 372
342 852
630 507
600 835
589 488
74 250
343 113
718 434
916 769
424 522
333 59
464 832
593 143
222 748
957 476
265 180
302 19
431 446
290 778
383 492
425 446
5 960
860 257
394 86
987 381
290 688
532 951
973 664
706 309
389 615
363 631
271 733
258 984
761 808
607 497
816 615
176 369
126 986
553 596
4 591
563 399
325 155
623 945
75 365
780 181
119 734
536 702
533 535
182 16
789 739
466 95
127 298
592 102
621 319
791 304
445 158
677 110
272 342
904 710
98 44
987 791
505 205
359 734
587 628
239 900
607 387
573 303
794 850
140 417
801 633
213 672
721 383
564 211
196 984
16 366
201 377
287 648
463 567
512 436
419 788
622 263
786 196
329 74
63 980
395 486
373 258
359 292
824 611
296 102
768 122
15 283
329 226
718 313
830 630
426 552
193 217
583 940
593 895
237 165
148 512
814 750
46 419
583 758
547 913
459 651
703 169
153 401
601 716
739 157
261 156
323 367
751 440
751 546
292 72
974 612
819 130
677 288
329 895
972 983
646 144
892 587
412 848
436 180
202 684
95 913
687 423
798 766
827 32
946 101
767 399
348 372
207 521
868 501
69 989
177 783
537 894
170 513
260 466
92 960
924 873
410 265
415 717
777 902
183 726
890 855
263 101
552 187
255 224
330 892
104 759
140 58
170 378
525 581
740 121
433 462
288 439
275 914
901 80
655 97
187 869
832 744
137 441
925 763
50 621
27 752
176 219
782 474
201 658
935 701
761 426
102 118
466 543
17 334
166 562
108 979
474 831
424 625
607 792
702 816
868 482
798 359
564 366
857 87
679 111
79 21
89 187
370 606
144 132
852 903
503 812
331 711
888 264
773 911
899 236
21 320
386 274
80 329
206 836
597 348
32 44
815 719
377 157
897 55
426 505
686 812
586 122
411 754
705 21
847 230
595 940
706 12
800 516
413 964
785 561
308 336
166 146
683 772
851 336
805 655
947 415
933 522
18 812
389 216
66 544
513 73
534 280
669 326
656 394
540 898
595 546
466 508
714 925
260 678
266 112
413 692
383 155
573 354
482 741
673 939
914 822
702 526
924 307
790 299
665 117
295 406
544 535
780 866
715 165
146 216
75 521
885 8
353 943
512 778
31 226
7 192
200 801
12 141
124 394
73 393
590 742
812 433
153 481
939 62
406 758
158 342
625 950
584 654
71 143
5 557
905 535
963 159
448 523
676 568
64 22
799 552
266 324
285 40
551 344
168 553
91 419
610 871
957 701
911 737
898 630
794 519
889 277
889 840
944 152
726 255
671 351
893 656
972 718
276 376
828 317
810 976
542 631
871 249
522 311
254 670
323 633
909 621
731 398
438 399
220 390
351 731
815 614
323 518
843 236
856 81
529 413
895 645
162 267
181 643
679 672
639 529
847 580
748 706
799 793
804 213
788 562
24 735
631 755
304 554
550 768
497 610
425 400
283 69
266 183
143 58
660 912
644 509
569 90
473 45
98 897
5 513
502 277
413 70
418 316
501 360
877 690
142 989
355 856
603 820
567 92
455 237
405 841
765 825
330 617
259 86
523 965
894 648
458 888
332 708
449 800
283 860
656 935
731 125
345 298
595 368
335 608
891 934
79 804
402 553
58 650
400 164
536 422
2 981
537 147
920 5
693 677
179 768
589 159
724 492
178 943
16 483
956 207
760 109
99 179
155 101
67 944
800 126
108 630
144 71
884 214
781 378
821 291
914 742
294 54
127 71
163 534
910 79
291 669
400 953
91 634
112 824
423 169
373 372
641 45
129 270
310 176
9 94
286 484
40 185
349 284
900 924
392 492
604 648
685 51
619 236
639 725
54 471
918 987
151 886
614 106
599 642
303 614
358 226
220 269
183 443
294 209
385 811
8 628
211 364
162 229
914 875
311 274
180 449
327 807
864 49
113 150
44 397
212 510
142 635
311 783
539 159
382 821
440 390
760 719
488 498
880 377
663 530
279 744
161 976
535 169
912 313
778 308
939 267
536 696
709 716
753 117
679 497
865 326
266 252
911 347
278 986
920 337
43 937
189 74
107 404
592 569
4 353
868 670
307 304
200 342
436 159
863 901
117 606
650 571
951 664
169 320
315 289
133 362
9 129
320 367
817 554
818 440
307 932
218 9
661 836
279 827
507 608
401 805
399 310
718 16
387 567
466 625
273 822
629 326
278 138
598 30
193 418
981 313
529 72
966 39
16 874
846 728
626 959
658 50
841 786
200 102
164 116
917 77
170 805
562 726
617 125
358 796
662 78
384 593
114 496
831 845
922 171
172 139
610 624
611 204
349 829
151 970
355 672
466 174
621 581
144 939
200 109
266 92
18 338
770 79
729 676
612 688
528 751
323 816
74 105
721 677
573 604
647 975
797 584
523 709
817 138
401 590
106 774
640 498
956 833
833 455
474 907
185 734
184 594
991 457
749 850
897 316
519 157
685 234
816 359
745 391
581 41
175 269
180 982
204 441
441 985
775 562
886 467
739 933
398 726
628 654
207 13
86 635
641 110
181 776
493 411
311 99
192 639
343 880
504 427
566 32
549 936
271 844
421 234
632 348
565 338
564 513
127 502
497 631
99 775
647 374
124 773
509 563
883 135
422 458
946 285
190 740
699 732
495 442
632 244
952 613
75 982
129 981
230 257
639 965
235 157
403 967
689 766
265 729
138 623
838 980
178 125
789 785
446 236
983 912
960 780
175 772
642 70
780 497
766 147
293 861
459 240
779 126
931 860
36 208
922 804
450 712
50 427
620 918
895 193
950 404
754 246
521 47
253 513
955 200
613 444
40 852
284 920
138 831
893 593
383 196
293 44
174 801
784 463
513 714
769 445
154 341
947 144
236 313
492 134
386 567
562 956
161 30
234 700
270 432
551 372
651 402
268 968
341 313
531 946
952 93
185 516
881 887
520 837
63 11
837 976
808 64
349 96
584 188
306 277
148 842
458 469
818 758
107 189
451 763
324 192
787 585
42 167
31 908
239 164
59 351
866 837
957 207
6 783
371 587
872 623
174 715
140 495
535 811
632 175
941 311
566 102
363 568
553 536
103 313
868 135
139 574
450 191
267 325
434 571
898 362
293 494
44 625
908 202
267 246
6 588
963 206
948 793
71 335
57 850
80 674
201 261
631 676
279 243
924 31
823 502
867 95
279 352
545 412
493 459
383 843
756 940
207 856
337 103
732 803
968 660
464 110
284 665
361 620
894 27
343 371
649 964
510 725
963 414
15 392
949 168
257 413
166 904
729 107
395 299
895 316
142 754
604 662
331 609
928 104
123 348
195 955
55 47
227 379
9 524
914 377
834 119
287 354
90 170
308 911
791 50
189 209
890 661
854 312
769 219
864 524
279 826
265 127
339 224
674 718
328 941
170 36
264 502
691 634
15 188
939 376
6 12
191 479
247 530
639 737
159 235
16 875
532 822
366 30
116 148
189 234
173 725
505 923
397 530
986 932
938 835
784 511
565 166
530 334
967 167
370 774
114 723
496 853
401 19
791 264
117 188
509 291
339 238
303 417
50 656
326 471
864 287
422 620
5 87
871 733
859 532
576 664
248 494
592 146
433 253
159 441
491 508
664 772
420 461
302 308
927 286
748 156
969 108
610 221
450 809
190 980
156 220
894 214
551 453
863 439
102 590
68 842
415 966
44 567
114 56
137 572
249 909
694 829
685 907
962 253
523 65
10 20
515 859
663 179
589 634
291 757
435 504
500 146
393 691
588 782
990 960
988 238
900 383
8 933
697 933
793 921
32 516
349 27
323 305
876 268
873 821
748 137
503 903
785 815
92 466
95 370
43 325
49 670
726 688
838 981
679 191
847 809
39 732
886 961
709 643
943 748
417 438
63 977
610 782
61 667
595 776
706 285
264 312
412 43
20 107
167 275
218 281
626 426
992 545
132 73
795 462
653 431
198 885
721 76
902 748
817 174
107 522
666 448
135 775
835 341
710 578
641 73
127 194
454 118
440 338
270 510
570 192
496 860
889 416
656 921
345 885
19 131
152 328
816 138
753 959
459 225
854 545
909 853
344 521
629 192
812 570
562 805
234 88
376 340
448 801
309 731
883 250
775 519
658 575
897 64
731 175
900 919
300 272
599 283
855 70
552 953
642 194
473 365
149 139
885 38
388 770
584 377
365 88
38 838
360 773
776 224
480 685
173 933
799 283
251 17
495 816
778 805
732 656
269 942
320 848
232 423
112 364
904 408
543 36
198 181
551 537
862 874
824 980
509 252
18 622
756 981
333 516
464 701
825 267
768 389
494 617
618 680
508 894
364 506
793 249
672 290
762 872
961 584
291 81
384 631
55 79
118 119
503 523
896 109
493 347
187 264
213 103
641 276
773 458
290 662
479 190
233 13
125 39
309 416
894 983
96 856
759 936
729 155
586 666
660 133
135 238
927 937
472 166
491 201
60 34
171 666
659 308
8 151
926 425
88 560
18 359
592 571
37 431
409 8
310 577
747 198
326 114
245 701
643 518
496 19
81 785
464 492
292 580
303 663
344 103
493 698
902 286
45 956
670 223
378 465
584 173
899 846
24 585
866 720
409 17
843 349
810 85
886 93
335 772
946 968
381 497
772 604
846 869
137 520
624 790
15 486
454 466
238 213
991 436
461 127
669 101
104 153
473 452
454 38
106 635
235 590
704 726
377 196
527 980
777 510
724 979
270 759
162 452
951 281
608 417
314 846
3 652
885 576
39 915
264 961
483 215
305 1
554 302
761 802
209 571
438 557
21 182
774 540
360 115
606 485
355 493
864 530
171 279
320 560
806 304
73 374
801 731
919 949
885 875
622 374
234 607
163 130
774 422
173 346
527 587
420 824
606 835
572 426
803 628
815 459
75 396
25 624
604 796
969 365
354 982
706 409
263 156
432 557
417 737
571 448
773 960
647 58
941 281
217 365
550 546
700 801
437 474
119 39
542 637
199 465
700 519
614 965
393 699
630 158
842 582
831 470
478 906
321 252
139 341
285 644
851 912
875 265
859 38
269 603
907 364
606 623
534 408
820 250
482 948
655 700
453 213
546 349
627 772
763 600
245 831
35 820
488 427
623 713
150 424
46 52
549 163
778 365
321 817
677 180
754 156
526 886
14 138
749 813
497 286
690 870
362 240
972 518
868 759
647 741
410 266
640 349
717 865
458 101
545 539
13 922
551 414
349 696
521 87
664 444
351 851
48 230
499 318
337 114
662 15
722 359
801 650
148 827
39 180
301 814
217 710
894 520
367 477
443 587
523 783
547 590
92 978
292 646
42 115
593 583
44 410
924 297
301 5
704 448
771 422
898 546
30 634
825 260
145 359
537 472
930 226
592 781
258 634
908 526
180 116
54 16
510 577
41 315
192 467
526 850
89 39
14 731
38 88
135 957
341 846
786 589
600 94
937 130
504 601
729 96
820 953
668 787
929 377
677 518
605 41
256 205
421 216
640 897
147 2
743 747
230 463
798 576
71 174
40 343
390 842
519 425
541 20
564 151
656 613
569 913
728 408
274 897
403 117
941 450
333 177
431 323
751 351
191 798
801 139
749 898
167 576
832 148
859 103
127 109
439 731
278 682
941 426
969 494
442 374
922 60
761 12
207 817
10 549
415 836
571 729
737 689
13 937
509 699
652 269
907 674
193 923
952 313
433 515
850 991
703 451
82 373
643 857
169 405
262 447
845 140
349 167
714 891
879 9
21 172
439 205
578 465
581 639
33 958
221 458
445 940
523 705
978 342
133 490
453 265
272 668
275 271
202 126
850 284
208 879
304 325
908 951
885 227
982 95
551 899
330 734
938 618
322 362
487 51
271 423
681 607
118 128
67 143
217 830
552 119
630 698
223 368
723 699
151 162
337 34
268 817
88 66
458 92
495 433
23 484
228 647
651 153
827 13
650 526
206 687
104 540
639 670
951 761
256 667
594 163
122 541
674 267
749 12
812 215
157 336
587 714
55 924
791 280
967 255
523 615
897 28
547 463
520 511
7 5
603 95
324 596
881 273
478 250
781 345
268 364
433 126
111 619
238 666
335 686
528 696
164 743
364 276
313 9
934 904
481 16
743 845
27 876
319 431
525 827
573 612
85 409
204 57
116 427
730 394
179 631
347 92
516 939
892 682
70 609
414 759
846 364
741 634
315 939
562 466
92 645
628 631
295 431
667 760
622 251
879 934
826 388
315 706
322 989
612 4
359 432
572 295
648 218
84 121
58 1
401 960
626 315
884 736
594 135
904 510
531 833
398 829
669 488
367 667
560 907
21 293
95 354
466 235
605 124
222 692
394 312
509 611
934 524
61 570
613 520
316 636
218 512
24 538
558 550
923 103
567 795
476 870
572 568
849 530
977 40
321 698
882 359
459 532
560 858
557 776
156 620
286 711
982 928
452 747
843 935
113 326
151 299
651 649
314 775
814 407
119 551
427 326
543 540
692 823
162 691
839 527
509 787
574 311
173 844
462 522
959 514
160 867
722 647
614 872
174 242
841 23
532 679
702 976
646 973
869 28
300 265
526 840
655 945
394 671
363 903
533 469
684 346
143 118
410 66
625 12
533 326
862 388
185 424
426 956
654 95
946 297
556 66
711 3
708 594
431 405
379 136
829 237
619 217
582 432
607 328
150 105
696 344
697 78
100 747
863 729
510 947
465 175
892 612
156 705
565 773
878 361
845 970
817 572
561 567
50 198
642 826
720 80
976 490
800 856
256 522
55 433
719 990
120 196
780 703
838 674
933 699
774 336
116 749
484 841
910 816
839 785
459 189
79 683
84 648
413 558
511 60
204 258
702 513
215 898
764 358
584 271
720 191
83 626
817 244
953 865
368 852
822 856
476 855
461 166
514 440
92 871
305 320
507 908
888 877
354 25
976 54
909 464
659 441
